% Auto Generated
function[objnodes, objlines, objsurfs, objregions, regioncolors,ishardPt] = arcs_test_input()

objnodes = [
	 9.76855		,			 43.35795;		%	pt1
	-8.63703		,			 43.35795;		%	pt2
	-8.63703		,			 33.30424;		%	pt3
	 3.88635		,			 34.18577;		%	pt4
	 1.78968		,			 34.35939;		%	pt5
	-0.31369		,			 34.40454;		%	pt6
	-2.41589		,			 34.32104;		%	pt7
	-4.50905		,			 34.10922;		%	pt8
	-6.58535		,			 33.76986;		%	pt9
	 9.76855		,			 32.99009;		%	pt10
	 6.85358		,			 33.71645;		%	pt11
	 23.05093		,			 25.54261;		%	pt12
	 23.05093		,			 15.29410;		%	pt13
	 3.88635		,			 15.29410;		%	pt14
	-10.37877		,			 32.80323;		%	pt15
	-12.09171		,			 32.21119;		%	pt16
	-13.77110		,			 31.52978;		%	pt17
	-15.41228		,			 30.76089;		%	pt18
	-17.01069		,			 29.90664;		%	pt19
	-18.56190		,			 28.96940;		%	pt20
	-20.06161		,			 27.95179;		%	pt21
	-21.50565		,			 26.85661;		%	pt22
	-22.89002		,			 25.68692;		%	pt23
	-24.21087		,			 24.44595;		%	pt24
	-25.46455		,			 23.13714;		%	pt25
	-26.64756		,			 21.76414;		%	pt26
	-27.75664		,			 20.33075;		%	pt27
	-28.78870		,			 18.84095;		%	pt28
	-29.74088		,			 17.29886;		%	pt29
	-30.61053		,			 15.70878;		%	pt30
	-31.39525		,			 14.07511;		%	pt31
	-32.09286		,			 12.40238;		%	pt32
	-32.70141		,			 10.69524;		%	pt33
	-33.21923		,			 8.95843;		%	pt34
	-33.64487		,			 7.19675;		%	pt35
	-33.97715		,			 5.41511;		%	pt36
	-34.21516		,			 3.61844;		%	pt37
	-34.35823		,			 1.81174;		%	pt38
	-34.40597		,			 0.00000;		%	pt39
	-34.36181		,			-1.74263;		%	pt40
	-34.22944		,			-3.48079;		%	pt41
	-34.00921		,			-5.21002;		%	pt42
	-33.70167		,			-6.92587;		%	pt43
	-33.30763		,			-8.62394;		%	pt44
	-32.82808		,			-10.29988;		%	pt45
	-32.26427		,			-11.94937;		%	pt46
	-31.61763		,			-13.56819;		%	pt47
	-30.88983		,			-15.15219;		%	pt48
	-30.08274		,			-16.69728;		%	pt49
	-29.19843		,			-18.19952;		%	pt50
	-28.23916		,			-19.65503;		%	pt51
	-27.20740		,			-21.06010;		%	pt52
	-26.10581		,			-22.41110;		%	pt53
	-24.93720		,			-23.70457;		%	pt54
	-23.70457		,			-24.93720;		%	pt55
	-22.41110		,			-26.10581;		%	pt56
	-21.06010		,			-27.20740;		%	pt57
	-19.65503		,			-28.23916;		%	pt58
	-18.19952		,			-29.19843;		%	pt59
	-16.69728		,			-30.08274;		%	pt60
	-15.15219		,			-30.88983;		%	pt61
	-13.56819		,			-31.61763;		%	pt62
	-11.94937		,			-32.26427;		%	pt63
	-10.29988		,			-32.82808;		%	pt64
	-8.62394		,			-33.30763;		%	pt65
	-6.92587		,			-33.70167;		%	pt66
	-5.21002		,			-34.00921;		%	pt67
	-3.48079		,			-34.22944;		%	pt68
	-1.74263		,			-34.36181;		%	pt69
	 0.00000		,			-34.40597;		%	pt70
	 1.74263		,			-34.36181;		%	pt71
	 3.48079		,			-34.22944;		%	pt72
	 5.21002		,			-34.00921;		%	pt73
	 6.92587		,			-33.70167;		%	pt74
	 8.62394		,			-33.30763;		%	pt75
	 10.29988		,			-32.82808;		%	pt76
	 11.94937		,			-32.26427;		%	pt77
	 13.56819		,			-31.61763;		%	pt78
	 15.15219		,			-30.88983;		%	pt79
	 16.69728		,			-30.08274;		%	pt80
	 18.19952		,			-29.19843;		%	pt81
	 19.65503		,			-28.23916;		%	pt82
	 21.06010		,			-27.20740;		%	pt83
	 22.41110		,			-26.10581;		%	pt84
	 23.70457		,			-24.93720;		%	pt85
	 24.93720		,			-23.70457;		%	pt86
	 26.10581		,			-22.41110;		%	pt87
	 27.20740		,			-21.06010;		%	pt88
	 28.23916		,			-19.65503;		%	pt89
	 29.19843		,			-18.19952;		%	pt90
	 30.08274		,			-16.69728;		%	pt91
	 30.88983		,			-15.15219;		%	pt92
	 31.61763		,			-13.56819;		%	pt93
	 32.26427		,			-11.94937;		%	pt94
	 32.82808		,			-10.29988;		%	pt95
	 33.30763		,			-8.62394;		%	pt96
	 33.70167		,			-6.92587;		%	pt97
	 34.00921		,			-5.21002;		%	pt98
	 34.22944		,			-3.48079;		%	pt99
	 34.36181		,			-1.74263;		%	pt100
	 34.40597		,			 0.00000;		%	pt101
	 34.35894		,			 1.79825;		%	pt102
	 34.21799		,			 3.59157;		%	pt103
	 33.98351		,			 5.37509;		%	pt104
	 33.65613		,			 7.14391;		%	pt105
	 33.23675		,			 8.89320;		%	pt106
	 32.72652		,			 10.61818;		%	pt107
	 32.12682		,			 12.31413;		%	pt108
	 31.43931		,			 13.97643;		%	pt109
	 30.66585		,			 15.60051;		%	pt110
	 29.80857		,			 17.18196;		%	pt111
	 28.86980		,			 18.71643;		%	pt112
	 27.85212		,			 20.19975;		%	pt113
	 26.75830		,			 21.62784;		%	pt114
	 25.59134		,			 22.99682;		%	pt115
	 24.35442		,			 24.30293;		%	pt116
	 21.59089		,			 26.78813;		%	pt117
	 20.06368		,			 27.95030;		%	pt118
	 18.47405		,			 29.02551;		%	pt119
	 16.82694		,			 30.01041;		%	pt120
	 15.12747		,			 30.90194;		%	pt121
	 13.38094		,			 31.69733;		%	pt122
	 11.59278		,			 32.39410;		%	pt123
	 46.20023		,			 0.00000;		%	pt124
	 0.00000		,			-45.00525;		%	pt125
	 46.20023		,			-45.00525;		%	pt126
]; % 126pts in total

ishardPt = [1 1 1 1 0 0 0 0 0 1 0 1 1 1 0 0 0 0 0 0 0 0 0 0 0 0 0 0 0 0 0 0 0 0 0 0 0 0 0 0 0 0 0 0 0 0 0 0 0 0 0 0 0 0 0 0 0 0 0 0 0 0 0 0 0 0 0 0 0 1 0 0 0 0 0 0 0 0 0 0 0 0 0 0 0 0 0 0 0 0 0 0 0 0 0 0 0 0 0 0 1 0 0 0 0 0 0 0 0 0 0 0 0 0 0 0 0 0 0 0 0 0 0 1 1 1 ];
ishardPt = ishardPt==1;
objlines = cell(17,1) ;
objlines{1} 	= 	[1,2];
objlines{2} 	= 	[2,3];
objlines{3} 	= 	[4,5,6,7,8,9,3];
objlines{4} 	= 	[10,11,4];
objlines{5} 	= 	[10,1];
objlines{6} 	= 	[12,13];
objlines{7} 	= 	[13,14];
objlines{8} 	= 	[14,4];
objlines{9} 	= 	[3,15,16,17,18,19,20,21,22,23,24,25,26,27,28,29,30,31,32,33,34,35,36,37,38,39];
objlines{10} 	= 	[39,40,41,42,43,44,45,46,47,48,49,50,51,52,53,54,55,56,57,58,59,60,61,62,63,64,65,66,67,68,69,70];
objlines{11} 	= 	[70,71,72,73,74,75,76,77,78,79,80,81,82,83,84,85,86,87,88,89,90,91,92,93,94,95,96,97,98,99,100,101];
objlines{12} 	= 	[101,102,103,104,105,106,107,108,109,110,111,112,113,114,115,116,12];
objlines{13} 	= 	[12,117,118,119,120,121,122,123,10];
objlines{14} 	= 	[124,101];
objlines{15} 	= 	[70,125];
objlines{16} 	= 	[125,126];
objlines{17} 	= 	[126,124];

objsurfs = cell(4,1) ;
objsurfs{1} 	 = 	[	1,2,3,4,5;
						1,1,-1,-1,1]';
objsurfs{2} 	 = 	[	6,7,8,3,9,10,11,12;
						1,1,1,1,1,1,1,1]';
objsurfs{3} 	 = 	[	13,4,8,7,6;
						1,1,-1,-1,-1]';
objsurfs{4} 	 = 	[	14,11,15,16,17;
						1,-1,1,1,1]';

objregions = cell(4,1) ;
objregions{1} 	 = 	[1];
objregions{2} 	 = 	[2];
objregions{3} 	 = 	[3];
objregions{4} 	 = 	[4];

regioncolors=[4,3,2,4];

%%			 regioncolors - layers
%color	layer_name
% 2		8Hvoid_mat
% 3		4Hmat0
% 4		4Hmat1
end
