% Auto Generated
function[objnodes, objlines, objsurfs, objregions, regioncolors,ishardPt] = arcs_test_input()

objnodes = [
	 9.76855		,			 43.35795;		%	pt1
	-8.63703		,			 43.35795;		%	pt2
	-8.63703		,			 33.30424;		%	pt3
	 3.88635		,			 34.18577;		%	pt4
	 2.08980		,			 34.34244;		%	pt5
	 0.28750		,			 34.40476;		%	pt6
	-1.51559		,			 34.37257;		%	pt7
	-3.31452		,			 34.24594;		%	pt8
	-5.10434		,			 34.02523;		%	pt9
	-6.88014		,			 33.71104;		%	pt10
	 9.76855		,			 32.99009;		%	pt11
	 7.83215		,			 33.50266;		%	pt12
	 5.86920		,			 33.90167;		%	pt13
	 23.05093		,			 25.54261;		%	pt14
	 23.05093		,			 15.29410;		%	pt15
	 3.88635		,			 15.29410;		%	pt16
	-10.31228		,			 32.82419;		%	pt17
	-11.96108		,			 32.25993;		%	pt18
	-13.57919		,			 31.61291;		%	pt19
	-15.16246		,			 30.88479;		%	pt20
	-16.70683		,			 30.07744;		%	pt21
	-18.20834		,			 29.19292;		%	pt22
	-19.66314		,			 28.23351;		%	pt23
	-21.06750		,			 27.20167;		%	pt24
	-22.41781		,			 26.10005;		%	pt25
	-23.71060		,			 24.93146;		%	pt26
	-24.94257		,			 23.69892;		%	pt27
	-26.11055		,			 22.40557;		%	pt28
	-27.21154		,			 21.05475;		%	pt29
	-28.24272		,			 19.64991;		%	pt30
	-29.20145		,			 18.19466;		%	pt31
	-30.08526		,			 16.69273;		%	pt32
	-30.89189		,			 15.14798;		%	pt33
	-31.61927		,			 13.56437;		%	pt34
	-32.26553		,			 11.94596;		%	pt35
	-32.82902		,			 10.29690;		%	pt36
	-33.30828		,			 8.62142;		%	pt37
	-33.70209		,			 6.92383;		%	pt38
	-34.00944		,			 5.20848;		%	pt39
	-34.22954		,			 3.47976;		%	pt40
	-34.36183		,			 1.74211;		%	pt41
	-34.40597		,			 0.00000;		%	pt42
	-34.36452		,			-1.68822;		%	pt43
	-34.24029		,			-3.37237;		%	pt44
	-34.03357		,			-5.04840;		%	pt45
	-33.74486		,			-6.71227;		%	pt46
	-33.37486		,			-8.35997;		%	pt47
	-32.92446		,			-9.98752;		%	pt48
	-32.39473		,			-11.59102;		%	pt49
	-31.78697		,			-13.16659;		%	pt50
	-31.10262		,			-14.71045;		%	pt51
	-30.34335		,			-16.21886;		%	pt52
	-29.51098		,			-17.68820;		%	pt53
	-28.60751		,			-19.11493;		%	pt54
	-27.63513		,			-20.49561;		%	pt55
	-26.59617		,			-21.82691;		%	pt56
	-25.49314		,			-23.10563;		%	pt57
	-24.32869		,			-24.32869;		%	pt58
	-23.10563		,			-25.49314;		%	pt59
	-21.82691		,			-26.59617;		%	pt60
	-20.49561		,			-27.63513;		%	pt61
	-19.11493		,			-28.60751;		%	pt62
	-17.68820		,			-29.51098;		%	pt63
	-16.21886		,			-30.34335;		%	pt64
	-14.71045		,			-31.10262;		%	pt65
	-13.16659		,			-31.78697;		%	pt66
	-11.59102		,			-32.39473;		%	pt67
	-9.98752		,			-32.92446;		%	pt68
	-8.35997		,			-33.37486;		%	pt69
	-6.71227		,			-33.74486;		%	pt70
	-5.04840		,			-34.03357;		%	pt71
	-3.37237		,			-34.24029;		%	pt72
	-1.68822		,			-34.36452;		%	pt73
	 0.00000		,			-34.40597;		%	pt74
	 1.68822		,			-34.36452;		%	pt75
	 3.37237		,			-34.24029;		%	pt76
	 5.04840		,			-34.03357;		%	pt77
	 6.71227		,			-33.74486;		%	pt78
	 8.35997		,			-33.37486;		%	pt79
	 9.98752		,			-32.92446;		%	pt80
	 11.59102		,			-32.39473;		%	pt81
	 13.16659		,			-31.78697;		%	pt82
	 14.71045		,			-31.10262;		%	pt83
	 16.21886		,			-30.34335;		%	pt84
	 17.68820		,			-29.51098;		%	pt85
	 19.11493		,			-28.60751;		%	pt86
	 20.49561		,			-27.63513;		%	pt87
	 21.82691		,			-26.59617;		%	pt88
	 23.10563		,			-25.49314;		%	pt89
	 24.32869		,			-24.32869;		%	pt90
	 25.49314		,			-23.10563;		%	pt91
	 26.59617		,			-21.82691;		%	pt92
	 27.63513		,			-20.49561;		%	pt93
	 28.60751		,			-19.11493;		%	pt94
	 29.51098		,			-17.68820;		%	pt95
	 30.34335		,			-16.21886;		%	pt96
	 31.10262		,			-14.71045;		%	pt97
	 31.78697		,			-13.16659;		%	pt98
	 32.39473		,			-11.59102;		%	pt99
	 32.92446		,			-9.98752;		%	pt100
	 33.37486		,			-8.35997;		%	pt101
	 33.74486		,			-6.71227;		%	pt102
	 34.03357		,			-5.04840;		%	pt103
	 34.24029		,			-3.37237;		%	pt104
	 34.36452		,			-1.68822;		%	pt105
	 34.40597		,			 0.00000;		%	pt106
	 34.36431		,			 1.69255;		%	pt107
	 34.23944		,			 3.38101;		%	pt108
	 34.03166		,			 5.06128;		%	pt109
	 33.74147		,			 6.72929;		%	pt110
	 33.36958		,			 8.38101;		%	pt111
	 32.91689		,			 10.01243;		%	pt112
	 32.38449		,			 11.61961;		%	pt113
	 31.77367		,			 13.19865;		%	pt114
	 31.08591		,			 14.74574;		%	pt115
	 30.32288		,			 16.25711;		%	pt116
	 29.48642		,			 17.72912;		%	pt117
	 28.57856		,			 19.15820;		%	pt118
	 27.60149		,			 20.54089;		%	pt119
	 26.55760		,			 21.87383;		%	pt120
	 25.44939		,			 23.15381;		%	pt121
	 24.27956		,			 24.37773;		%	pt122
	 21.75652		,			 26.65378;		%	pt123
	 20.40863		,			 27.69943;		%	pt124
	 19.01056		,			 28.67698;		%	pt125
	 17.56576		,			 29.58403;		%	pt126
	 16.07777		,			 30.41834;		%	pt127
	 14.55026		,			 31.17788;		%	pt128
	 12.98698		,			 31.86077;		%	pt129
	 11.39177		,			 32.46534;		%	pt130
	 46.20023		,			 0.00000;		%	pt131
	 0.00000		,			-45.00525;		%	pt132
	 46.20023		,			-45.00525;		%	pt133
]; % 133pts in total

ishardPt = [1 1 1 1 0 0 0 0 0 0 1 0 0 1 1 1 0 0 0 0 0 0 0 0 0 0 0 0 0 0 0 0 0 0 0 0 0 0 0 0 0 0 0 0 0 0 0 0 0 0 0 0 0 0 0 0 0 0 0 0 0 0 0 0 0 0 0 0 0 0 0 0 0 1 0 0 0 0 0 0 0 0 0 0 0 0 0 0 0 0 0 0 0 0 0 0 0 0 0 0 0 0 0 0 0 1 0 0 0 0 0 0 0 0 0 0 0 0 0 0 0 0 0 0 0 0 0 0 0 0 1 1 1 ];
ishardPt = ishardPt==1;
objlines = cell(17,1) ;
objlines{1} 	= 	[1,2];
objlines{2} 	= 	[2,3];
objlines{3} 	= 	[4,5,6,7,8,9,10,3];
objlines{4} 	= 	[11,12,13,4];
objlines{5} 	= 	[11,1];
objlines{6} 	= 	[14,15];
objlines{7} 	= 	[15,16];
objlines{8} 	= 	[16,4];
objlines{9} 	= 	[3,17,18,19,20,21,22,23,24,25,26,27,28,29,30,31,32,33,34,35,36,37,38,39,40,41,42];
objlines{10} 	= 	[42,43,44,45,46,47,48,49,50,51,52,53,54,55,56,57,58,59,60,61,62,63,64,65,66,67,68,69,70,71,72,73,74];
objlines{11} 	= 	[74,75,76,77,78,79,80,81,82,83,84,85,86,87,88,89,90,91,92,93,94,95,96,97,98,99,100,101,102,103,104,105,106];
objlines{12} 	= 	[106,107,108,109,110,111,112,113,114,115,116,117,118,119,120,121,122,14];
objlines{13} 	= 	[14,123,124,125,126,127,128,129,130,11];
objlines{14} 	= 	[131,106];
objlines{15} 	= 	[74,132];
objlines{16} 	= 	[132,133];
objlines{17} 	= 	[133,131];

objsurfs = cell(4,1) ;
objsurfs{1} 	 = 	[	1,2,3,4,5;
						1,1,-1,-1,1]';
objsurfs{2} 	 = 	[	6,7,8,3,9,10,11,12;
						1,1,1,1,1,1,1,1]';
objsurfs{3} 	 = 	[	13,4,8,7,6;
						1,1,-1,-1,-1]';
objsurfs{4} 	 = 	[	14,11,15,16,17;
						1,-1,1,1,1]';

objregions = cell(4,1) ;
objregions{1} 	 = 	[1];
objregions{2} 	 = 	[2];
objregions{3} 	 = 	[3];
objregions{4} 	 = 	[4];

regioncolors=[4,3,2,4];

%%			 regioncolors - layers
%color	layer_name
% 2		8Hvoid_mat
% 3		4Hmat0
% 4		4Hmat1
end
