% Auto Generated
function[objnodes, objlines, objsurfs, objregions, regioncolors,ishardPt] = splines_test_input()

objnodes = [
	-606.16352		,			 271.35079;		%	pt1
	-598.97311		,			 270.26369;		%	pt2
	-591.66645		,			 268.53223;		%	pt3
	-584.18086		,			 266.10366;		%	pt4
	-576.45614		,			 262.90454;		%	pt5
	-559.97306		,			 253.74120;		%	pt6
	-541.61121		,			 239.84630;		%	pt7
	-521.19524		,			 219.98869;		%	pt8
	-496.98820		,			 190.79593;		%	pt9
	-460.71260		,			 137.00484;		%	pt10
	-384.53393		,			-0.63380;		%	pt11
	-371.98209		,			-24.28955;		%	pt12
	-258.10632		,			-214.66501;		%	pt13
	-231.84027		,			-248.21205;		%	pt14
	-210.09076		,			-271.79917;		%	pt15
	-188.06810		,			-291.30815;		%	pt16
	-169.35957		,			-304.06495;		%	pt17
	-157.23228		,			-310.31185;		%	pt18
	-146.04901		,			-314.57949;		%	pt19
	-133.50300		,			-317.61612;		%	pt20
	-120.87746		,			-318.87220;		%	pt21
	-108.16895		,			-318.36720;		%	pt22
	-95.43863		,			-316.07742;		%	pt23
	-82.67060		,			-311.91170;		%	pt24
	-70.19838		,			-305.86511;		%	pt25
	-58.28961		,			-297.97001;		%	pt26
	-47.29977		,			-288.37361;		%	pt27
	-37.48065		,			-277.19827;		%	pt28
	-29.26797		,			-264.88438;		%	pt29
	-22.87961		,			-251.82008;		%	pt30
	-18.41087		,			-238.33824;		%	pt31
	-15.89809		,			-224.86964;		%	pt32
	-15.25083		,			-211.43350;		%	pt33
	-16.43721		,			-198.14228;		%	pt34
	-19.45476		,			-185.02417;		%	pt35
	-23.24049		,			-174.51433;		%	pt36
	-28.95041		,			-162.42876;		%	pt37
	-50.91418		,			-128.26774;		%	pt38
	-94.68715		,			-70.85387;		%	pt39
	-112.34203		,			-43.75904;		%	pt40
	-121.91574		,			-24.44834;		%	pt41
	-127.18789		,			-9.09182;		%	pt42
	-129.85253		,			 4.57322;		%	pt43
	-130.45468		,			 16.53298;		%	pt44
	-129.39461		,			 28.03556;		%	pt45
	-126.66878		,			 39.42446;		%	pt46
	-122.10940		,			 50.99499;		%	pt47
	-100.48797		,			 99.48769;		%	pt48
	-77.45434		,			 136.87195;		%	pt49
	-53.41457		,			 165.59689;		%	pt50
	-41.02165		,			 177.32779;		%	pt51
	-28.36033		,			 187.53731;		%	pt52
	-15.50498		,			 196.29186;		%	pt53
	-2.31848		,			 203.77524;		%	pt54
	 11.24590		,			 210.05680;		%	pt55
	 25.24043		,			 215.17846;		%	pt56
	 39.73672		,			 219.15980;		%	pt57
	 54.77617		,			 221.98549;		%	pt58
	 70.42090		,			 223.62297;		%	pt59
	 86.69792		,			 224.01474;		%	pt60
	 86.69792		,			 382.11636;		%	pt61
	-606.16352		,			 382.11636;		%	pt62
	-169.35957		,			-419.94399;		%	pt63
	-384.53393		,			-419.94399;		%	pt64
	-541.61121		,			 149.88441;		%	pt65
	-700.84023		,			 149.88441;		%	pt66
	-700.84023		,			 233.48443;		%	pt67
	-724.73590		,			 209.90009;		%	pt68
	-749.11862		,			 179.26903;		%	pt69
	-772.49644		,			 142.02109;		%	pt70
	-793.20160		,			 99.56794;		%	pt71
	-809.64903		,			 54.57371;		%	pt72
	-821.37916		,			 8.33950;		%	pt73
	-828.10501		,			-37.48874;		%	pt74
	-829.94485		,			-81.98916;		%	pt75
	-825.50908		,			-138.37388;		%	pt76
	-812.89368		,			-198.64474;		%	pt77
	-791.16568		,			-262.32244;		%	pt78
	-759.76149		,			-327.93591;		%	pt79
	-718.19466		,			-394.12395;		%	pt80
	-668.09963		,			-456.91544;		%	pt81
	-611.83791		,			-513.16470;		%	pt82
	-552.36993		,			-560.42998;		%	pt83
	-489.33047		,			-599.35136;		%	pt84
	-423.56782		,			-629.71062;		%	pt85
	-356.80766		,			-651.10981;		%	pt86
	-290.84815		,			-663.48771;		%	pt87
	-227.68052		,			-667.16488;		%	pt88
	-168.09107		,			-662.84438;		%	pt89
	-112.93163		,			-651.28104;		%	pt90
	-62.48963		,			-633.18166;		%	pt91
	-25.73009		,			-614.56867;		%	pt92
	 11.52270		,			-590.54447;		%	pt93
	 49.43819		,			-560.33615;		%	pt94
	 88.06281		,			-523.02656;		%	pt95
	 127.89305		,			-476.82853;		%	pt96
	 167.79283		,			-421.47908;		%	pt97
	 206.89641		,			-356.55448;		%	pt98
	 243.05796		,			-284.11697;		%	pt99
	 281.08462		,			-185.14313;		%	pt100
	 300.89105		,			-103.15885;		%	pt101
	 307.43943		,			-33.37175;		%	pt102
	 306.73263		,			-1.69612;		%	pt103
	 303.66541		,			 28.39270;		%	pt104
	 296.18075		,			 65.57356;		%	pt105
	 285.94542		,			 96.18524;		%	pt106
	 273.36427		,			 121.89387;		%	pt107
	 258.44980		,			 144.00250;		%	pt108
	 241.04690		,			 163.25375;		%	pt109
	 220.70014		,			 180.19149;		%	pt110
	 196.70527		,			 195.08570;		%	pt111
	 168.10556		,			 207.94240;		%	pt112
	 147.06410		,			 214.87404;		%	pt113
	 126.22479		,			 219.83987;		%	pt114
	 106.06776		,			 222.84612;		%	pt115
]; % 115pts in total

ishardPt = [1 0 0 0 0 0 1 0 0 0 0 0 0 0 0 0 1 0 0 0 0 0 0 0 0 0 0 0 0 0 0 0 0 0 0 0 0 0 0 0 0 0 0 0 0 0 0 0 0 0 0 0 0 0 0 0 0 0 0 1 1 1 1 1 1 1 1 0 0 0 0 0 0 0 0 0 0 0 0 0 0 0 0 0 0 0 0 0 0 0 0 0 0 0 0 0 0 0 0 0 0 0 0 0 0 0 0 0 0 0 0 0 0 0 0 ];
ishardPt = ishardPt==1;
objlines = cell(24,1) ;
objlines{1} 	= 	[1,2,3,4,5,6,7];
objlines{2} 	= 	[7,8,9,10,11];
objlines{3} 	= 	[11,12];
objlines{4} 	= 	[12,13,14,15,16,17];
objlines{5} 	= 	[17,18,19];
objlines{6} 	= 	[19,20,21,22,23,24,25,26,27,28,29,30,31,32,33,34,35];
objlines{7} 	= 	[35,36,37,38,39,40,41,42,43,44,45,46,47];
objlines{8} 	= 	[47,48,49,50,51,52,53,54,55,56,57,58,59,60];
objlines{9} 	= 	[60,61];
objlines{10} 	= 	[61,62];
objlines{11} 	= 	[62,1];
objlines{12} 	= 	[17,63];
objlines{13} 	= 	[63,64];
objlines{14} 	= 	[64,11];
objlines{15} 	= 	[7,65];
objlines{16} 	= 	[65,66];
objlines{17} 	= 	[66,67];
objlines{18} 	= 	[67,68,69,70,71,72,73,74,75];
objlines{19} 	= 	[75,76,77,78,79,80,81,82,83];
objlines{20} 	= 	[83,84,85,86,87,88,89,90,91];
objlines{21} 	= 	[91,92,93,94,95,96,97,98,99];
objlines{22} 	= 	[99,100,101,102,103,104];
objlines{23} 	= 	[104,105,106,107,108,109,110,111,112];
objlines{24} 	= 	[112,113,114,115,60];

objsurfs = cell(2,1) ;
objsurfs{1} 	 = 	[	1,2,3,4,5,6,7,8,9,10,11;
						1,1,1,1,1,1,1,1,1,1,1]';
objsurfs{2} 	 = 	[	12,13,14,2,15,16,17,18,19,20,21,22,23,24,8,7,6,5;
						1,1,1,-1,1,1,1,1,1,1,1,1,1,1,-1,-1,-1,-1]';

objregions = cell(2,1) ;
objregions{1} 	 = 	[1];
objregions{2} 	 = 	[2];

regioncolors=[1,1];

%%			 regioncolors - layers
%color	layer_name
% 1		1H0
end
