% Auto Generated
function[objnodes, objlines, objsurfs, objregions, regioncolors,ishardPt] = dam_part_surface_input()

objnodes = [
	-181.51906		,			-2.99956;		%	pt1
	-181.51906		,			-22.99956;		%	pt2
	-182.12214		,			 0.42064;		%	pt3
	-183.85862		,			 3.42831;		%	pt4
	-186.51906		,			 5.66069;		%	pt5
	-189.78258		,			 6.84852;		%	pt6
	-193.25554		,			 6.84852;		%	pt7
	-196.51906		,			 5.66069;		%	pt8
	-199.17951		,			 3.42831;		%	pt9
	-200.91599		,			 0.42064;		%	pt10
	-201.51906		,			-2.99956;		%	pt11
	-201.51906		,			-25.99956;		%	pt12
	-198.51906		,			-25.99956;		%	pt13
	-198.51906		,			-22.99956;		%	pt14
	-181.51906		,			-380.49956;		%	pt15
	-181.51906		,			-405.99956;		%	pt16
	-182.27290		,			-376.22431;		%	pt17
	-184.44351		,			-372.46472;		%	pt18
	-187.76906		,			-369.67424;		%	pt19
	-191.84846		,			-368.18946;		%	pt20
	-196.18966		,			-368.18946;		%	pt21
	-200.26906		,			-369.67424;		%	pt22
	-203.59462		,			-372.46472;		%	pt23
	-205.76522		,			-376.22431;		%	pt24
	-206.51906		,			-380.49956;		%	pt25
	-206.51906		,			-405.99956;		%	pt26
	-203.51906		,			-405.99956;		%	pt27
	-203.51906		,			-402.99956;		%	pt28
	-184.51906		,			-402.99956;		%	pt29
	-184.51906		,			-405.99956;		%	pt30
	 566.48094		,			-402.99956;		%	pt31
	 565.87786		,			-399.57936;		%	pt32
	 564.14138		,			-396.57169;		%	pt33
	 561.48094		,			-394.33931;		%	pt34
	 558.21742		,			-393.15148;		%	pt35
	 554.74446		,			-393.15148;		%	pt36
	 551.48094		,			-394.33931;		%	pt37
	 548.82049		,			-396.57169;		%	pt38
	 547.08401		,			-399.57936;		%	pt39
	 546.48094		,			-402.99956;		%	pt40
	 546.48094		,			-425.99956;		%	pt41
	 549.48094		,			-425.99956;		%	pt42
	 549.48094		,			-422.99956;		%	pt43
	 566.48094		,			-422.99956;		%	pt44
	-221.51906		,			 417.00044;		%	pt45
	-231.51906		,			 417.00044;		%	pt46
	-231.51906		,			 647.00044;		%	pt47
	-281.51906		,			 647.00044;		%	pt48
	-281.51906		,			 634.00044;		%	pt49
	-261.51906		,			 614.00044;		%	pt50
	-261.51906		,			 217.00044;		%	pt51
	-291.51906		,			 207.00044;		%	pt52
	-351.51906		,			 207.00044;		%	pt53
	-351.51906		,			 162.00044;		%	pt54
	-261.51906		,			 72.00044;		%	pt55
	-261.51906		,			-82.99956;		%	pt56
	-339.01906		,			-392.99956;		%	pt57
	-216.51906		,			-392.99956;		%	pt58
	-216.51906		,			-415.99956;		%	pt59
	-171.51906		,			-415.99956;		%	pt60
	-171.51906		,			-392.99956;		%	pt61
	-171.51906		,			-357.99956;		%	pt62
	-211.51906		,			-357.99956;		%	pt63
	-211.51906		,			-35.99956;		%	pt64
	-211.51906		,			 17.00044;		%	pt65
	-221.51906		,			 17.00044;		%	pt66
	-10.65448		,			 262.51433;		%	pt67
	-31.51906		,			 290.33377;		%	pt68
	-81.51906		,			 440.33377;		%	pt69
	-81.51906		,			 607.00044;		%	pt70
	-61.51906		,			 627.00044;		%	pt71
	-61.51906		,			 647.00044;		%	pt72
	-171.51906		,			 17.00044;		%	pt73
	 173.48094		,			 17.00044;		%	pt74
	-171.51906		,			-35.99956;		%	pt75
	 496.48094		,			-128.99956;		%	pt76
	 401.48094		,			-128.99956;		%	pt77
	 401.48094		,			-110.55802;		%	pt78
	 371.07378		,			-110.55802;		%	pt79
	 353.73094		,			-89.99956;		%	pt80
	 308.48094		,			-29.66623;		%	pt81
	 308.48094		,			 0.33377;		%	pt82
	 185.98094		,			 0.33377;		%	pt83
	 31.48094		,			-392.99956;		%	pt84
	 71.48094		,			-392.99956;		%	pt85
	 286.48094		,			-392.99956;		%	pt86
	 326.48094		,			-392.99956;		%	pt87
	 536.48094		,			-392.99956;		%	pt88
	 536.48094		,			-387.99956;		%	pt89
	 576.48094		,			-387.99956;		%	pt90
	 576.48094		,			-392.99956;		%	pt91
	 658.48094		,			-392.99956;		%	pt92
	 658.48094		,			-178.99956;		%	pt93
	 516.48094		,			-178.99956;		%	pt94
	 496.48094		,			-158.99956;		%	pt95
	-344.01906		,			-412.99956;		%	pt96
	-374.01906		,			-412.99956;		%	pt97
	-361.51906		,			-437.99956;		%	pt98
	 31.48094		,			-437.99956;		%	pt99
	 41.48094		,			-437.99956;		%	pt100
	 41.48094		,			-414.99956;		%	pt101
	 61.48094		,			-414.99956;		%	pt102
	 60.87786		,			-411.57936;		%	pt103
	 59.14138		,			-408.57169;		%	pt104
	 56.48094		,			-406.33931;		%	pt105
	 53.21742		,			-405.15148;		%	pt106
	 49.74446		,			-405.15148;		%	pt107
	 46.48094		,			-406.33931;		%	pt108
	 43.82049		,			-408.57169;		%	pt109
	 42.08401		,			-411.57936;		%	pt110
	 61.48094		,			-434.99956;		%	pt111
	 44.48094		,			-434.99956;		%	pt112
	 44.48094		,			-437.99956;		%	pt113
	 71.48094		,			-437.99956;		%	pt114
	 286.48094		,			-437.99956;		%	pt115
	 296.48094		,			-437.99956;		%	pt116
	 296.48094		,			-414.99956;		%	pt117
	 316.48094		,			-414.99956;		%	pt118
	 315.87786		,			-411.57936;		%	pt119
	 314.14138		,			-408.57169;		%	pt120
	 311.48094		,			-406.33931;		%	pt121
	 308.21742		,			-405.15148;		%	pt122
	 304.74446		,			-405.15148;		%	pt123
	 301.48094		,			-406.33931;		%	pt124
	 298.82049		,			-408.57169;		%	pt125
	 297.08401		,			-411.57936;		%	pt126
	 316.48094		,			-434.99956;		%	pt127
	 299.48094		,			-434.99956;		%	pt128
	 299.48094		,			-437.99956;		%	pt129
	 326.48094		,			-437.99956;		%	pt130
	 536.48094		,			-437.99956;		%	pt131
	 576.48094		,			-437.99956;		%	pt132
	 658.48094		,			-437.99956;		%	pt133
	-354.01906		,			-452.99956;		%	pt134
	 658.48094		,			-452.99956;		%	pt135
]; % 135pts in total

ishardPt = [0 1 0 0 0 0 0 0 0 0 0 1 1 1 0 1 0 0 0 0 0 0 0 0 0 1 1 1 1 1 0 0 0 0 0 0 0 0 0 0 1 1 1 1 1 1 1 1 1 1 1 0 1 1 1 0 1 1 1 1 1 1 1 1 1 1 0 0 0 1 1 1 1 1 1 1 1 1 1 0 1 1 1 1 1 1 1 1 1 1 1 1 1 1 1 1 1 1 1 1 0 0 0 0 0 0 0 0 0 0 1 1 1 1 1 1 0 0 0 0 0 0 0 0 0 0 1 1 1 1 1 1 1 1 1 ];
ishardPt = ishardPt==1;
objlines = cell(109,1) ;
objlines{1} 	= 	[1,2];
objlines{2} 	= 	[1,3,4,5,6,7,8,9,10,11];
objlines{3} 	= 	[12,11];
objlines{4} 	= 	[13,12];
objlines{5} 	= 	[14,13];
objlines{6} 	= 	[2,14];
objlines{7} 	= 	[15,16];
objlines{8} 	= 	[15,17,18,19,20,21,22,23,24,25];
objlines{9} 	= 	[26,25];
objlines{10} 	= 	[27,26];
objlines{11} 	= 	[28,27];
objlines{12} 	= 	[29,28];
objlines{13} 	= 	[30,29];
objlines{14} 	= 	[16,30];
objlines{15} 	= 	[31,32,33,34,35,36,37,38,39,40];
objlines{16} 	= 	[40,41];
objlines{17} 	= 	[41,42];
objlines{18} 	= 	[42,43];
objlines{19} 	= 	[43,44];
objlines{20} 	= 	[44,31];
objlines{21} 	= 	[45,46];
objlines{22} 	= 	[46,47];
objlines{23} 	= 	[47,48];
objlines{24} 	= 	[48,49];
objlines{25} 	= 	[49,50];
objlines{26} 	= 	[50,51];
objlines{27} 	= 	[51,52];
objlines{28} 	= 	[52,53];
objlines{29} 	= 	[53,54];
objlines{30} 	= 	[54,55];
objlines{31} 	= 	[55,56];
objlines{32} 	= 	[56,57];
objlines{33} 	= 	[57,58];
objlines{34} 	= 	[58,59];
objlines{35} 	= 	[59,60];
objlines{36} 	= 	[60,61];
objlines{37} 	= 	[61,62];
objlines{38} 	= 	[62,63];
objlines{39} 	= 	[63,64];
objlines{40} 	= 	[64,65];
objlines{41} 	= 	[66,65];
objlines{42} 	= 	[66,45];
objlines{43} 	= 	[67,68];
objlines{44} 	= 	[69,68];
objlines{45} 	= 	[69,70];
objlines{46} 	= 	[70,71];
objlines{47} 	= 	[71,72];
objlines{48} 	= 	[72,47];
objlines{49} 	= 	[65,73];
objlines{50} 	= 	[73,74];
objlines{51} 	= 	[74,67];
objlines{52} 	= 	[64,75];
objlines{53} 	= 	[75,73];
objlines{54} 	= 	[76,77];
objlines{55} 	= 	[77,78];
objlines{56} 	= 	[78,79];
objlines{57} 	= 	[80,79];
objlines{58} 	= 	[80,81];
objlines{59} 	= 	[81,82];
objlines{60} 	= 	[82,83];
objlines{61} 	= 	[83,74];
objlines{62} 	= 	[61,84];
objlines{63} 	= 	[84,85];
objlines{64} 	= 	[85,86];
objlines{65} 	= 	[86,87];
objlines{66} 	= 	[87,88];
objlines{67} 	= 	[89,88];
objlines{68} 	= 	[89,90];
objlines{69} 	= 	[90,91];
objlines{70} 	= 	[91,92];
objlines{71} 	= 	[92,93];
objlines{72} 	= 	[93,94];
objlines{73} 	= 	[94,95];
objlines{74} 	= 	[95,76];
objlines{75} 	= 	[57,96];
objlines{76} 	= 	[96,97];
objlines{77} 	= 	[97,98];
objlines{78} 	= 	[98,99];
objlines{79} 	= 	[99,84];
objlines{80} 	= 	[99,100];
objlines{81} 	= 	[100,101];
objlines{82} 	= 	[102,103,104,105,106,107,108,109,110,101];
objlines{83} 	= 	[102,111];
objlines{84} 	= 	[111,112];
objlines{85} 	= 	[112,113];
objlines{86} 	= 	[113,114];
objlines{87} 	= 	[114,85];
objlines{88} 	= 	[86,115];
objlines{89} 	= 	[115,116];
objlines{90} 	= 	[116,117];
objlines{91} 	= 	[118,119,120,121,122,123,124,125,126,117];
objlines{92} 	= 	[118,127];
