% Auto Generated
function[objnodes, objlines, objsurfs, objregions, regioncolors,ishardPt] = dam_part_surface_input()

objnodes = [
	-181.51906		,			-2.99956;		%	pt1
	-181.51906		,			-22.99956;		%	pt2
	-182.28027		,			 0.82727;		%	pt3
	-184.44799		,			 4.07151;		%	pt4
	-187.69223		,			 6.23923;		%	pt5
	-191.51906		,			 7.00044;		%	pt6
	-195.34590		,			 6.23923;		%	pt7
	-198.59013		,			 4.07151;		%	pt8
	-200.75786		,			 0.82727;		%	pt9
	-201.51906		,			-2.99956;		%	pt10
	-201.51906		,			-25.99956;		%	pt11
	-198.51906		,			-25.99956;		%	pt12
	-198.51906		,			-22.99956;		%	pt13
	-181.51906		,			-380.49956;		%	pt14
	-181.51906		,			-405.99956;		%	pt15
	-182.47057		,			-375.71602;		%	pt16
	-185.18023		,			-371.66073;		%	pt17
	-189.23552		,			-368.95107;		%	pt18
	-194.01906		,			-367.99956;		%	pt19
	-198.80260		,			-368.95107;		%	pt20
	-202.85790		,			-371.66073;		%	pt21
	-205.56756		,			-375.71602;		%	pt22
	-206.51906		,			-380.49956;		%	pt23
	-206.51906		,			-405.99956;		%	pt24
	-203.51906		,			-405.99956;		%	pt25
	-203.51906		,			-402.99956;		%	pt26
	-184.51906		,			-402.99956;		%	pt27
	-184.51906		,			-405.99956;		%	pt28
	 566.48094		,			-402.99956;		%	pt29
	 565.71973		,			-399.17273;		%	pt30
	 563.55201		,			-395.92849;		%	pt31
	 560.30777		,			-393.76077;		%	pt32
	 556.48094		,			-392.99956;		%	pt33
	 552.65410		,			-393.76077;		%	pt34
	 549.40987		,			-395.92849;		%	pt35
	 547.24214		,			-399.17273;		%	pt36
	 546.48094		,			-402.99956;		%	pt37
	 546.48094		,			-425.99956;		%	pt38
	 549.48094		,			-425.99956;		%	pt39
	 549.48094		,			-422.99956;		%	pt40
	 566.48094		,			-422.99956;		%	pt41
	-221.51906		,			 417.00044;		%	pt42
	-231.51906		,			 417.00044;		%	pt43
	-231.51906		,			 647.00044;		%	pt44
	-281.51906		,			 647.00044;		%	pt45
	-281.51906		,			 634.00044;		%	pt46
	-261.51906		,			 614.00044;		%	pt47
	-261.51906		,			 217.00044;		%	pt48
	-291.51906		,			 207.00044;		%	pt49
	-351.51906		,			 207.00044;		%	pt50
	-351.51906		,			 162.00044;		%	pt51
	-261.51906		,			 72.00044;		%	pt52
	-261.51906		,			-82.99956;		%	pt53
	-339.01906		,			-392.99956;		%	pt54
	-216.51906		,			-392.99956;		%	pt55
	-216.51906		,			-415.99956;		%	pt56
	-171.51906		,			-415.99956;		%	pt57
	-171.51906		,			-392.99956;		%	pt58
	-171.51906		,			-357.99956;		%	pt59
	-211.51906		,			-357.99956;		%	pt60
	-211.51906		,			-35.99956;		%	pt61
	-211.51906		,			 17.00044;		%	pt62
	-221.51906		,			 17.00044;		%	pt63
	-10.65448		,			 262.51433;		%	pt64
	-31.51906		,			 290.33377;		%	pt65
	-81.51906		,			 440.33377;		%	pt66
	-81.51906		,			 607.00044;		%	pt67
	-61.51906		,			 627.00044;		%	pt68
	-61.51906		,			 647.00044;		%	pt69
	-171.51906		,			 17.00044;		%	pt70
	 173.48094		,			 17.00044;		%	pt71
	-171.51906		,			-35.99956;		%	pt72
	 496.48094		,			-128.99956;		%	pt73
	 401.48094		,			-128.99956;		%	pt74
	 401.48094		,			-110.55802;		%	pt75
	 371.07378		,			-110.55802;		%	pt76
	 353.73094		,			-89.99956;		%	pt77
	 308.48094		,			-29.66623;		%	pt78
	 308.48094		,			 0.33377;		%	pt79
	 185.98094		,			 0.33377;		%	pt80
	 31.48094		,			-392.99956;		%	pt81
	 71.48094		,			-392.99956;		%	pt82
	 286.48094		,			-392.99956;		%	pt83
	 326.48094		,			-392.99956;		%	pt84
	 536.48094		,			-392.99956;		%	pt85
	 536.48094		,			-387.99956;		%	pt86
	 576.48094		,			-387.99956;		%	pt87
	 576.48094		,			-392.99956;		%	pt88
	 658.48094		,			-392.99956;		%	pt89
	 658.48094		,			-178.99956;		%	pt90
	 516.48094		,			-178.99956;		%	pt91
	 496.48094		,			-158.99956;		%	pt92
	-344.01906		,			-412.99956;		%	pt93
	-374.01906		,			-412.99956;		%	pt94
	-361.51906		,			-437.99956;		%	pt95
	 31.48094		,			-437.99956;		%	pt96
	 41.48094		,			-437.99956;		%	pt97
	 41.48094		,			-414.99956;		%	pt98
	 61.48094		,			-414.99956;		%	pt99
	 60.71973		,			-411.17273;		%	pt100
	 58.55201		,			-407.92849;		%	pt101
	 55.30777		,			-405.76077;		%	pt102
	 51.48094		,			-404.99956;		%	pt103
	 47.65410		,			-405.76077;		%	pt104
	 44.40987		,			-407.92849;		%	pt105
	 42.24214		,			-411.17273;		%	pt106
	 61.48094		,			-434.99956;		%	pt107
	 44.48094		,			-434.99956;		%	pt108
	 44.48094		,			-437.99956;		%	pt109
	 71.48094		,			-437.99956;		%	pt110
	 286.48094		,			-437.99956;		%	pt111
	 296.48094		,			-437.99956;		%	pt112
	 296.48094		,			-414.99956;		%	pt113
	 316.48094		,			-414.99956;		%	pt114
	 315.71973		,			-411.17273;		%	pt115
	 313.55201		,			-407.92849;		%	pt116
	 310.30777		,			-405.76077;		%	pt117
	 306.48094		,			-404.99956;		%	pt118
	 302.65410		,			-405.76077;		%	pt119
	 299.40987		,			-407.92849;		%	pt120
	 297.24214		,			-411.17273;		%	pt121
	 316.48094		,			-434.99956;		%	pt122
	 299.48094		,			-434.99956;		%	pt123
	 299.48094		,			-437.99956;		%	pt124
	 326.48094		,			-437.99956;		%	pt125
	 536.48094		,			-437.99956;		%	pt126
	 576.48094		,			-437.99956;		%	pt127
	 658.48094		,			-437.99956;		%	pt128
	-354.01906		,			-452.99956;		%	pt129
	 658.48094		,			-452.99956;		%	pt130
]; % 130pts in total

ishardPt = [0 1 0 0 0 0 0 0 0 0 1 1 1 0 1 0 0 0 0 0 0 0 0 1 1 1 1 1 0 0 0 0 0 0 0 0 0 1 1 1 1 1 1 1 1 1 1 1 0 1 1 1 0 1 1 1 1 1 1 1 1 1 1 0 0 0 1 1 1 1 1 1 1 1 1 1 0 1 1 1 1 1 1 1 1 1 1 1 1 1 1 1 1 1 1 1 1 0 0 0 0 0 0 0 0 0 1 1 1 1 1 1 0 0 0 0 0 0 0 0 0 1 1 1 1 1 1 1 1 1 ];
ishardPt = ishardPt==1;
objlines = cell(109,1) ;
objlines{1} 	= 	[1,2];
objlines{2} 	= 	[1,3,4,5,6,7,8,9,10];
objlines{3} 	= 	[11,10];
objlines{4} 	= 	[12,11];
objlines{5} 	= 	[13,12];
objlines{6} 	= 	[2,13];
objlines{7} 	= 	[14,15];
objlines{8} 	= 	[14,16,17,18,19,20,21,22,23];
objlines{9} 	= 	[24,23];
objlines{10} 	= 	[25,24];
objlines{11} 	= 	[26,25];
objlines{12} 	= 	[27,26];
objlines{13} 	= 	[28,27];
objlines{14} 	= 	[15,28];
objlines{15} 	= 	[29,30,31,32,33,34,35,36,37];
objlines{16} 	= 	[37,38];
objlines{17} 	= 	[38,39];
objlines{18} 	= 	[39,40];
objlines{19} 	= 	[40,41];
objlines{20} 	= 	[41,29];
objlines{21} 	= 	[42,43];
objlines{22} 	= 	[43,44];
objlines{23} 	= 	[44,45];
objlines{24} 	= 	[45,46];
objlines{25} 	= 	[46,47];
objlines{26} 	= 	[47,48];
objlines{27} 	= 	[48,49];
objlines{28} 	= 	[49,50];
objlines{29} 	= 	[50,51];
objlines{30} 	= 	[51,52];
objlines{31} 	= 	[52,53];
objlines{32} 	= 	[53,54];
objlines{33} 	= 	[54,55];
objlines{34} 	= 	[55,56];
objlines{35} 	= 	[56,57];
objlines{36} 	= 	[57,58];
objlines{37} 	= 	[58,59];
objlines{38} 	= 	[59,60];
objlines{39} 	= 	[60,61];
objlines{40} 	= 	[61,62];
objlines{41} 	= 	[63,62];
objlines{42} 	= 	[63,42];
objlines{43} 	= 	[64,65];
objlines{44} 	= 	[66,65];
objlines{45} 	= 	[66,67];
objlines{46} 	= 	[67,68];
objlines{47} 	= 	[68,69];
objlines{48} 	= 	[69,44];
objlines{49} 	= 	[62,70];
objlines{50} 	= 	[70,71];
objlines{51} 	= 	[71,64];
objlines{52} 	= 	[61,72];
objlines{53} 	= 	[72,70];
objlines{54} 	= 	[73,74];
objlines{55} 	= 	[74,75];
objlines{56} 	= 	[75,76];
objlines{57} 	= 	[77,76];
objlines{58} 	= 	[77,78];
objlines{59} 	= 	[78,79];
objlines{60} 	= 	[79,80];
objlines{61} 	= 	[80,71];
objlines{62} 	= 	[58,81];
objlines{63} 	= 	[81,82];
objlines{64} 	= 	[82,83];
objlines{65} 	= 	[83,84];
objlines{66} 	= 	[84,85];
objlines{67} 	= 	[86,85];
objlines{68} 	= 	[86,87];
objlines{69} 	= 	[87,88];
objlines{70} 	= 	[88,89];
objlines{71} 	= 	[89,90];
objlines{72} 	= 	[90,91];
objlines{73} 	= 	[91,92];
objlines{74} 	= 	[92,73];
objlines{75} 	= 	[54,93];
objlines{76} 	= 	[93,94];
objlines{77} 	= 	[94,95];
objlines{78} 	= 	[95,96];
objlines{79} 	= 	[96,81];
objlines{80} 	= 	[96,97];
objlines{81} 	= 	[97,98];
objlines{82} 	= 	[99,100,101,102,103,104,105,106,98];
objlines{83} 	= 	[99,107];
objlines{84} 	= 	[107,108];
objlines{85} 	= 	[108,109];
objlines{86} 	= 	[109,110];
objlines{87} 	= 	[110,82];
objlines{88} 	= 	[83,111];
objlines{89} 	= 	[111,112];
objlines{90} 	= 	[112,113];
objlines{91} 	= 	[114,115,116,117,118,119,120,121,113];
objlines{92} 	= 	[114,122];
objlines{93} 	= 	[122,123];
objlines{94} 	= 	[123,124];
objlines{95} 	= 	[124,125];
objlines{96} 	= 	[125,84];
objlines{97} 	= 	[85,126];
objlines{98} 	= 	[126,127];
objlines{99} 	= 	[88,127];
objlines{100} 	= 	[127,128];
