% Auto Generated
function[objnodes, objlines, objsurfs, objregions, regioncolors,ishardPt] = Drawing1_input()

objnodes = [
	-318.03050		,			 801.62020;		%	pt1
	-211.53805		,			 1199.05543;		%	pt2
	 79.40473		,			 1489.99821;		%	pt3
	 476.83996		,			 1596.49066;		%	pt4
	 476.83996		,			 1963.24978;		%	pt5
	-351.49684		,			 1030.02881;		%	pt6
	-355.84632		,			 1042.17427;		%	pt7
	-360.73921		,			 1054.74905;		%	pt8
	-366.23845		,			 1067.73883;		%	pt9
	-372.41309		,			 1081.12441;		%	pt10
	-379.33864		,			 1094.88132;		%	pt11
	-387.09720		,			 1108.97941;		%	pt12
	-395.77767		,			 1123.38258;		%	pt13
	-405.47566		,			 1138.04859;		%	pt14
	-416.29322		,			 1152.92906;		%	pt15
	-428.33835		,			 1167.96979;		%	pt16
	-441.72402		,			 1183.11133;		%	pt17
	-456.56677		,			 1198.29011;		%	pt18
	-472.98466		,			 1213.44017;		%	pt19
	-491.09431		,			 1228.49571;		%	pt20
	-511.00700		,			 1243.39474;		%	pt21
	-532.82330		,			 1258.08406;		%	pt22
	-556.62606		,			 1272.52606;		%	pt23
	-582.47119		,			 1286.70771;		%	pt24
	-610.37580		,			 1300.65245;		%	pt25
	-640.30292		,			 1314.43559;		%	pt26
	-672.14192		,			 1328.20430;		%	pt27
	-705.68380		,			 1342.20319;		%	pt28
	-740.58984		,			 1356.80692;		%	pt29
	-776.35217		,			 1372.56165;		%	pt30
	-812.24427		,			 1390.23737;		%	pt31
	-847.25916		,			 1410.89379;		%	pt32
	-924.38957		,			 1482.09418;		%	pt33
	-928.48052		,			 1487.48568;		%	pt34
	-932.70716		,			 1493.31650;		%	pt35
	-937.06132		,			 1499.62502;		%	pt36
	-941.53224		,			 1506.45302;		%	pt37
	-946.10627		,			 1513.84595;		%	pt38
	-950.76638		,			 1521.85316;		%	pt39
	-955.49175		,			 1530.52820;		%	pt40
	-960.25730		,			 1539.92899;		%	pt41
	-965.03314		,			 1550.11814;		%	pt42
	-969.78404		,			 1561.16304;		%	pt43
	-974.46886		,			 1573.13605;		%	pt44
	-979.03991		,			 1586.11456;		%	pt45
	-983.44244		,			 1600.18088;		%	pt46
	-987.61395		,			 1615.42210;		%	pt47
	-991.48375		,			 1631.92971;		%	pt48
	-994.97239		,			 1649.79890;		%	pt49
	-997.99138		,			 1669.12765;		%	pt50
	-1000.44296		,			 1690.01530;		%	pt51
	-1002.22016		,			 1712.56065;		%	pt52
	-1003.20724		,			 1736.85932;		%	pt53
	-1003.28050		,			 1763.00028;		%	pt54
	-1002.30978		,			 1791.06121;		%	pt55
	-1000.16076		,			 1821.10263;		%	pt56
	-996.69827		,			 1853.16010;		%	pt57
	-991.79105		,			 1887.23445;		%	pt58
	-985.31813		,			 1923.27925;		%	pt59
	-977.17758		,			 1961.18491;		%	pt60
	-909.16129		,			 2162.54567;		%	pt61
	-847.37515		,			 2271.77396;		%	pt62
	-772.18550		,			 2360.70220;		%	pt63
	-752.46513		,			 2378.39226;		%	pt64
	-730.64747		,			 2395.71383;		%	pt65
	-706.49589		,			 2412.36169;		%	pt66
	-591.75339		,			 2461.35687;		%	pt67
	-583.81078		,			 2463.12188;		%	pt68
	-575.32284		,			 2464.78621;		%	pt69
	-566.25629		,			 2466.31062;		%	pt70
	-556.57717		,			 2467.64821;		%	pt71
	-546.25124		,			 2468.74319;		%	pt72
	-535.24456		,			 2469.52928;		%	pt73
	-523.52418		,			 2469.92793;		%	pt74
	-511.05911		,			 2469.84625;		%	pt75
	-497.82151		,			 2469.17454;		%	pt76
	-483.78831		,			 2467.78339;		%	pt77
	-468.94312		,			 2465.52032;		%	pt78
	-453.27882		,			 2462.20583;		%	pt79
	-436.80067		,			 2457.62873;		%	pt80
	-419.53033		,			 2451.54065;		%	pt81
	-401.51077		,			 2443.64966;		%	pt82
	-382.81248		,			 2433.61264;		%	pt83
	-363.54113		,			 2421.02640;		%	pt84
	-343.84709		,			 2405.41714;		%	pt85
	-323.93720		,			 2386.22802;		%	pt86
	-304.08931		,			 2362.80451;		%	pt87
	-140.03192		,			 2132.86611;		%	pt88
	-122.39385		,			 2117.25092;		%	pt89
	-101.91572		,			 2100.99156;		%	pt90
	-78.02064		,			 2084.19294;		%	pt91
	-50.00600		,			 2067.00726;		%	pt92
	-17.01593		,			 2049.64695;		%	pt93
	 21.99239		,			 2032.40073;		%	pt94
	 68.28974		,			 2015.65358;		%	pt95
	 123.42477		,			 1999.91130;		%	pt96
	 189.28483		,			 1985.83092;		%	pt97
	 268.16999		,			 1974.25820;		%	pt98
	 362.88321		,			 1966.27376;		%	pt99
	 1271.71042		,			 801.62020;		%	pt100
	 476.83996		,			 801.62020;		%	pt101
	 1271.71042		,			 801.62019;		%	pt102
	 1728.60627		,			 1963.24978;		%	pt103
	 1728.60627		,			 801.62020;		%	pt104
	 1165.21797		,			 404.18496;		%	pt105
	 874.27519		,			 113.24218;		%	pt106
	 476.83996		,			 6.74973;		%	pt107
	 476.83996		,			-316.55998;		%	pt108
	 1660.22068		,			 343.49636;		%	pt109
	 1651.35762		,			 318.35536;		%	pt110
	 1641.39284		,			 292.22450;		%	pt111
	 1630.20005		,			 265.11996;		%	pt112
	 1522.01131		,			 75.21656;		%	pt113
	 1387.67131		,			-71.73662;		%	pt114
	 1232.22276		,			-181.87681;		%	pt115
	 1041.36174		,			-258.04745;		%	pt116
	 79.40473		,			 113.24218;		%	pt117
	-211.53805		,			 404.18496;		%	pt118
	-318.03050		,			-316.55998;		%	pt119
]; % 119pts in total

ishardPt = [];
ishardPt = ishardPt==1;
objlines = cell(15,1) ;
objlines{1} 	= 	[1,2,3,4];
objlines{2} 	= 	[1,6,7,8,9,10,11,12,13,14,15,16,17,18,19,20,21,22,23,24,25,26,27,28,29,30,31,32,33,34,35,36,37,38,39,40,41,42,43,44,45,46,47,48,49,50,51,52,53,54,55,56,57,58,59,60,61,62,63,64,65,66,67,68,69,70,71,72,73,74,75,76,77,78,79,80,81,82,83,84,85,86,87,88,89,90,91,92,93,94,95,96,97,98,99,5];
objlines{3} 	= 	[4,102];
objlines{4} 	= 	[103,5];
objlines{5} 	= 	[104,103];
objlines{6} 	= 	[100,105,106,107];
objlines{7} 	= 	[107,108];
objlines{8} 	= 	[104,109,110,111,112,113,114,115,116,108];
objlines{9} 	= 	[107,117,118,1];
objlines{10} 	= 	[1,119];
objlines{11} 	= 	[119,108];
objlines{12} 	= 	[5,4];
objlines{13} 	= 	[4,101];
objlines{14} 	= 	[101,100];
objlines{15} 	= 	[100,104];

objsurfs = cell(5,1) ;
objsurfs{1} 	 = 	[	1,12,2;
						1,-1,1]';
objsurfs{2} 	 = 	[	14,13,3;
						-1,-1,1]';
objsurfs{3} 	 = 	[	4,12,13,14,15,5;
						1,1,1,1,1,1]';
objsurfs{4} 	 = 	[	15,6,7,8;
						-1,1,1,1]';
objsurfs{5} 	 = 	[	9,10,11,7;
						1,1,1,-1]';

objregions = cell(5,1) ;
objregions{1} 	 = 	[1];
objregions{2} 	 = 	[2];
objregions{3} 	 = 	[3];
objregions{4} 	 = 	[4];
objregions{5} 	 = 	[5];

regioncolors=[2,5,4,3,6];

%%			 regioncolors - layers
%color	layer_name
% 2		4Hmat1
% 3		4Hmat2
% 4		4Hmat0
% 5		7Hvoidmat
% 6		4Hmat3
end
