% Auto Generated
function[objnodes, objlines, objsurfs, objregions, regioncolors,ishardPt] = 2cir_input()

objnodes = [
	-224.93933		,			 73.50096;		%	pt1
	-231.87770		,			 133.26315;		%	pt2
	-233.53157		,			 186.42804;		%	pt3
	-229.52342		,			 244.47912;		%	pt4
	-219.86602		,			 295.66780;		%	pt5
	-235.45442		,			 295.66780;		%	pt6
	-235.45442		,			 380.74822;		%	pt7
	-264.77134		,			 378.33675;		%	pt8
	-293.72359		,			 373.13436;		%	pt9
	-322.04608		,			 365.18868;		%	pt10
	-349.47951		,			 354.57246;		%	pt11
	-375.77272		,			 341.38290;		%	pt12
	-400.68498		,			 325.74075;		%	pt13
	-423.98820		,			 307.78923;		%	pt14
	-445.46903		,			 287.69269;		%	pt15
	-464.93081		,			 265.63512;		%	pt16
	-482.19536		,			 241.81846;		%	pt17
	-497.10460		,			 216.46079;		%	pt18
	-509.52204		,			 189.79424;		%	pt19
	-519.33399		,			 162.06298;		%	pt20
	-526.45062		,			 133.52089;		%	pt21
	-530.80676		,			 104.42929;		%	pt22
	-532.36255		,			 75.05452;		%	pt23
	-531.10372		,			 45.66553;		%	pt24
	-527.04182		,			 16.53139;		%	pt25
	-520.21403		,			-12.08117;		%	pt26
	-510.68285		,			-39.91019;		%	pt27
	-498.53556		,			-66.70087;		%	pt28
	-483.88336		,			-92.20793;		%	pt29
	-466.86041		,			-116.19786;		%	pt30
	-447.62255		,			-138.45100;		%	pt31
	-430.31448		,			-129.08397;		%	pt32
	-287.35538		,			-44.48064;		%	pt33
	-256.85305		,			-19.44815;		%	pt34
	-239.00420		,			-0.07403;		%	pt35
	-233.26323		,			 7.90375;		%	pt36
	-228.80538		,			 15.32471;		%	pt37
	-225.41277		,			 22.29050;		%	pt38
	-222.90991		,			 28.91636;		%	pt39
	-221.32645		,			 34.62803;		%	pt40
	-220.29948		,			 40.19536;		%	pt41
	-219.79020		,			 45.67120;		%	pt42
	-219.77839		,			 51.10861;		%	pt43
	-220.26237		,			 56.56088;		%	pt44
	-221.25788		,			 62.07576;		%	pt45
	-222.79919		,			 67.70555;		%	pt46
	-417.66976		,			-170.86073;		%	pt47
	-398.39070		,			-210.02071;		%	pt48
	-372.99199		,			-245.51848;		%	pt49
	-342.15168		,			-276.40637;		%	pt50
	-306.69310		,			-301.85977;		%	pt51
	-267.56288		,			-321.19917;		%	pt52
	-225.80566		,			-333.90826;		%	pt53
	-182.53622		,			-339.64777;		%	pt54
	-138.90971		,			-338.26446;		%	pt55
	-96.09080		,			-329.79527;		%	pt56
	-55.22261		,			-314.46629;		%	pt57
	-17.39619		,			-292.68675;		%	pt58
	 16.37863		,			-265.03810;		%	pt59
	 45.20017		,			-232.25846;		%	pt60
	 68.29900		,			-195.22293;		%	pt61
	 85.05846		,			-154.92024;		%	pt62
	 95.03113		,			-112.42633;		%	pt63
	 97.95076		,			-68.87565;		%	pt64
	 93.73943		,			-25.43084;		%	pt65
	 82.50954		,			 16.74825;		%	pt66
	 64.56091		,			 56.53560;		%	pt67
	 40.37271		,			 92.86901;		%	pt68
	 10.59067		,			 124.77851;		%	pt69
	-23.99013		,			 151.41223;		%	pt70
	-62.44650		,			 172.05912;		%	pt71
	-103.75178		,			 186.16800;		%	pt72
	-146.80326		,			 193.36220;		%	pt73
	-190.45161		,			 193.44966;		%	pt74
	-592.62259		,			-226.43450;		%	pt75
	-628.75777		,			-256.19887;		%	pt76
	-658.72946		,			-286.33906;		%	pt77
	-682.67816		,			-316.06476;		%	pt78
	-700.82788		,			-344.53601;		%	pt79
	-713.58945		,			-370.98947;		%	pt80
	-721.59115		,			-394.92320;		%	pt81
	-725.54826		,			-415.99353;		%	pt82
	-726.22936		,			-434.23218;		%	pt83
	-724.86072		,			-446.94107;		%	pt84
	-722.09114		,			-458.08066;		%	pt85
	-718.13222		,			-467.79974;		%	pt86
	-713.10377		,			-476.27831;		%	pt87
	-707.09393		,			-483.60519;		%	pt88
	-700.05009		,			-489.92593;		%	pt89
	-691.87920		,			-495.27884;		%	pt90
	-682.43188		,			-499.63555;		%	pt91
	-670.04737		,			-503.25925;		%	pt92
	-653.67550		,			-505.69311;		%	pt93
	-630.86916		,			-506.34174;		%	pt94
	-595.70566		,			-503.84135;		%	pt95
	-478.86108		,			-486.53586;		%	pt96
	-398.47071		,			-477.95043;		%	pt97
	-345.91513		,			-477.46478;		%	pt98
	-311.63104		,			-480.47411;		%	pt99
	-281.90308		,			-485.88093;		%	pt100
	-257.46863		,			-492.64487;		%	pt101
	-230.53477		,			-502.44184;		%	pt102
	-155.97027		,			-539.28717;		%	pt103
	-63.50565		,			-592.44226;		%	pt104
	 21.77228		,			-635.74368;		%	pt105
	 91.06788		,			-662.64265;		%	pt106
	 159.32096		,			-681.27159;		%	pt107
	 230.45722		,			-692.88790;		%	pt108
	 307.32363		,			-697.74300;		%	pt109
	 459.39653		,			-690.69149;		%	pt110
	 642.44447		,			-660.58060;		%	pt111
	 829.43351		,			-608.34009;		%	pt112
	 990.97538		,			-543.11895;		%	pt113
	 1105.15156		,			-480.72295;		%	pt114
	 1159.39328		,			-443.61654;		%	pt115
	 1206.42927		,			-405.75093;		%	pt116
	 1268.45607		,			-343.92894;		%	pt117
	 1315.41046		,			-281.88799;		%	pt118
	 1349.19077		,			-220.19966;		%	pt119
	 1361.67839		,			-189.47901;		%	pt120
	 1371.44066		,			-158.81620;		%	pt121
	 1378.54843		,			-128.41008;		%	pt122
	 1383.16668		,			-97.98135;		%	pt123
	 1385.34215		,			-67.47736;		%	pt124
	 1385.08738		,			-36.83720;		%	pt125
	 1382.37835		,			-5.98956;		%	pt126
	 1377.15598		,			 25.12048;		%	pt127
	 1358.75098		,			 88.37427;		%	pt128
	 1335.84086		,			 139.92602;		%	pt129
	 1304.76737		,			 192.57618;		%	pt130
	 1264.81795		,			 245.83950;		%	pt131
	 1215.36664		,			 298.99951;		%	pt132
	 1155.74524		,			 351.31133;		%	pt133
	 1085.56877		,			 401.73506;		%	pt134
	 1004.48696		,			 449.23668;		%	pt135
	 912.25185		,			 492.72884;		%	pt136
	 912.25185		,			 266.68391;		%	pt137
	 707.15633		,			 266.68391;		%	pt138
	 707.15633		,			 559.96233;		%	pt139
	 636.66362		,			 575.63152;		%	pt140
	 526.92086		,			 593.64927;		%	pt141
	 369.94066		,			 605.90502;		%	pt142
	 235.23048		,			 601.83361;		%	pt143
	 127.22279		,			 585.86548;		%	pt144
	 40.07795		,			 561.45661;		%	pt145
	-2.97452		,			 544.12777;		%	pt146
	-40.83111		,			 525.00589;		%	pt147
	-74.08641		,			 504.32436;		%	pt148
	-103.35562		,			 482.15937;		%	pt149
	-128.94102		,			 458.69187;		%	pt150
	-151.41487		,			 433.72113;		%	pt151
	-171.04882		,			 407.12519;		%	pt152
	-188.03436		,			 378.70494;		%	pt153
	-206.05263		,			 339.25110;		%	pt154
]; % 154pts in total

ishardPt = [0 0 1 0 1 1 1 0 0 0 0 0 0 0 0 0 0 0 0 0 0 0 0 0 0 0 0 0 0 0 1 1 0 0 0 0 0 0 0 0 0 0 0 0 0 0 0 0 0 0 0 0 0 0 0 0 0 0 0 0 0 0 0 0 0 0 0 0 0 0 0 0 0 0 1 0 0 0 0 0 0 0 0 0 0 0 0 0 0 0 0 0 0 0 0 0 0 0 0 0 0 0 0 0 0 0 0 0 0 0 0 0 0 0 0 0 0 0 0 0 0 0 0 0 0 0 0 0 0 0 0 0 0 0 0 1 1 1 1 0 0 0 0 0 0 0 0 0 0 0 0 0 0 0 ];
ishardPt = ishardPt==1;
objlines = cell(27,1) ;
objlines{1} 	= 	[1,2,3];
objlines{2} 	= 	[3,4,5];
objlines{3} 	= 	[5,6];
objlines{4} 	= 	[6,7];
objlines{5} 	= 	[7,8,9,10,11,12,13,14,15,16,17,18,19,20,21,22,23,24,25,26,27,28,29,30,31];
objlines{6} 	= 	[31,32];
objlines{7} 	= 	[32,33,34,35,36,37,38,39,40,41,42,43,44,45,46,1];
objlines{8} 	= 	[32,47,48,49,50,51,52,53,54,55,56,57,58,59,60,61,62,63,64,65,66,67,68,69,70,71,72,73,74,3];
objlines{9} 	= 	[31,75];
objlines{10} 	= 	[75,76,77,78,79,80,81,82,83,84,85,86,87,88,89,90,91];
objlines{11} 	= 	[91,92,93,94,95,96,97,98,99,100];
objlines{12} 	= 	[100,101,102,103,104];
objlines{13} 	= 	[104,105,106,107,108];
objlines{14} 	= 	[108,109];
objlines{15} 	= 	[109,110,111,112,113];
objlines{16} 	= 	[113,114];
objlines{17} 	= 	[114,115,116];
objlines{18} 	= 	[116,117,118,119,120,121,122,123,124,125,126,127,128];
objlines{19} 	= 	[128,129,130,131,132,133,134,135,136];
objlines{20} 	= 	[137,136];
objlines{21} 	= 	[138,137];
objlines{22} 	= 	[139,138];
objlines{23} 	= 	[139,140];
objlines{24} 	= 	[140,141];
objlines{25} 	= 	[141,142,143,144,145];
objlines{26} 	= 	[145,146,147,148,149,150,151,152,153];
objlines{27} 	= 	[153,154,5];

objsurfs = cell(3,1) ;
objsurfs{1} 	 = 	[	1,2,3,4,5,6,7;
						1,1,1,1,1,1,1]';
objsurfs{2} 	 = 	[	7,8,1;
						-1,1,-1]';
objsurfs{3} 	 = 	[	9,10,11,12,13,14,15,16,17,18,19,20,21,22,23,24,25,26,27,2,9,6;
						1,1,1,1,1,1,1,1,1,1,1,-1,-1,-1,1,1,1,1,1,-1,-1,-1]';

objregions = cell(3,1) ;
objregions{1} 	 = 	[1];
objregions{2} 	 = 	[2];
objregions{3} 	 = 	[3];

regioncolors=[3,3,2];

%%			 regioncolors - layers
%color	layer_name
% 2		5Htest0
% 3		5Htest1
end
