% Auto Generated
function[objnodes, objlines, objsurfs, objregions, regioncolors,ishardPt] = Drawing1_input()

objnodes = [
	-107.01343		,			 44.95721;		%	pt1
	-112.56345		,			 30.74403;		%	pt2
	-116.51003		,			 15.39061;		%	pt3
	-118.24875		,			 1.28172;		%	pt4
	-118.22112		,			-2.92129;		%	pt5
	-117.94215		,			-5.26121;		%	pt6
	-117.76304		,			-6.00393;		%	pt7
	-117.58471		,			-6.51231;		%	pt8
	-117.41189		,			-6.86681;		%	pt9
	-117.24002		,			-7.12678;		%	pt10
	-117.07963		,			-7.30837;		%	pt11
	-116.91549		,			-7.44755;		%	pt12
	-116.74413		,			-7.55324;		%	pt13
	-116.56051		,			-7.63071;		%	pt14
	-116.35881		,			-7.68165;		%	pt15
	-116.13016		,			-7.70484;		%	pt16
	-115.86255		,			-7.69508;		%	pt17
	-115.53995		,			-7.64214;		%	pt18
	-115.05632		,			-7.50019;		%	pt19
	-114.39282		,			-7.22072;		%	pt20
	-111.61072		,			-5.55419;		%	pt21
	-90.64527		,			 7.95417;		%	pt22
	-67.78973		,			 18.57782;		%	pt23
	-56.10589		,			 22.43794;		%	pt24
	-45.77156		,			 24.85251;		%	pt25
	-36.85630		,			 26.05484;		%	pt26
	-29.03365		,			 26.30921;		%	pt27
	-22.63743		,			 25.85015;		%	pt28
	-16.90863		,			 24.82551;		%	pt29
	-11.75073		,			 23.30412;		%	pt30
	-7.05789		,			 21.31915;		%	pt31
	-2.14160		,			 18.50642;		%	pt32
	 3.15120		,			 14.60400;		%	pt33
	 9.03342		,			 9.21772;		%	pt34
	 16.02503		,			 1.47739;		%	pt35
	 33.56166		,			-21.69508;		%	pt36
	 40.50357		,			-29.92395;		%	pt37
	 44.23284		,			-33.25599;		%	pt38
	 46.49414		,			-34.72549;		%	pt39
	 47.47464		,			-35.20951;		%	pt40
	 48.38425		,			-35.56804;		%	pt41
	 49.08289		,			-35.78124;		%	pt42
	 49.84474		,			-35.95005;		%	pt43
	 50.60141		,			-36.05228;		%	pt44
	 51.35672		,			-36.08998;		%	pt45
	 52.11451		,			-36.06367;		%	pt46
	 52.87935		,			-35.97226;		%	pt47
	 53.65414		,			-35.81330;		%	pt48
	 54.44262		,			-35.58274;		%	pt49
	 55.24783		,			-35.27519;		%	pt50
	 56.95558		,			-34.37746;		%	pt51
	 58.76362		,			-33.04933;		%	pt52
	 60.67856		,			-31.18625;		%	pt53
	 62.67414		,			-28.68099;		%	pt54
	 65.10408		,			-24.67575;		%	pt55
	 67.40009		,			-19.52829;		%	pt56
	 69.33238		,			-13.36116;		%	pt57
	 70.67960		,			-6.49828;		%	pt58
	 71.29537		,			 0.49510;		%	pt59
	 71.17725		,			 7.38046;		%	pt60
	 70.36862		,			 13.87815;		%	pt61
	 68.94425		,			 19.87294;		%	pt62
	 66.57154		,			 26.30785;		%	pt63
	 74.52162		,			 32.75712;		%	pt64
	 81.34884		,			 40.38509;		%	pt65
	 86.88053		,			 48.99887;		%	pt66
	 90.97682		,			 58.38062;		%	pt67
	 93.53411		,			 68.29310;		%	pt68
	 94.48773		,			 78.48562;		%	pt69
	 93.81356		,			 88.70043;		%	pt70
	 91.52866		,			 98.67921;		%	pt71
	 87.69080		,			 108.16961;		%	pt72
	 82.39705		,			 116.93163;		%	pt73
	 75.78126		,			 124.74369;		%	pt74
	 68.01076		,			 131.40823;		%	pt75
	 59.28203		,			 136.75672;		%	pt76
	 49.81584		,			 140.65389;		%	pt77
	 39.85155		,			 143.00119;		%	pt78
	 29.64116		,			 143.73926;		%	pt79
	 19.44287		,			 142.84945;		%	pt80
	 9.51458		,			 140.35424;		%	pt81
	 0.10738		,			 136.31674;		%	pt82
	-8.54085		,			 130.83906;		%	pt83
	-16.21139		,			 124.05971;		%	pt84
	-22.71028		,			 116.15014;		%	pt85
	-27.87317		,			 107.31037;		%	pt86
	-31.56948		,			 97.76395;		%	pt87
	-33.70575		,			 87.75230;		%	pt88
	-46.78575		,			 88.55234;		%	pt89
	-52.53404		,			 88.23614;		%	pt90
	-57.88264		,			 87.51010;		%	pt91
	-62.86292		,			 86.41279;		%	pt92
	-67.57111		,			 84.95528;		%	pt93
	-72.05259		,			 83.14106;		%	pt94
	-76.34731		,			 80.96175;		%	pt95
	-80.52028		,			 78.37632;		%	pt96
	-84.56445		,			 75.36951;		%	pt97
	-88.50285		,			 71.89735;		%	pt98
	-92.35117		,			 67.90431;		%	pt99
	-99.83785		,			 58.02248;		%	pt100
	-67.78973		,			-35.83111;		%	pt101
	 48.38425		,			-35.83111;		%	pt102
]; % 102pts in total

ishardPt = [0 0 0 0 0 0 0 0 0 0 0 0 0 0 0 0 0 0 0 0 0 0 1 0 0 0 0 0 0 0 0 0 0 0 0 0 0 0 0 0 1 0 0 0 0 0 0 0 0 0 0 0 0 0 0 0 0 0 0 0 0 0 1 0 0 0 0 0 0 0 0 0 0 0 0 0 0 0 0 0 0 0 0 0 0 0 0 1 0 0 0 0 0 0 0 0 0 0 0 0 1 1 ];
ishardPt = ishardPt==1;
objlines = cell(13,1) ;
objlines{1} 	= 	[1,2,3,4,5,6];
objlines{2} 	= 	[6,7,8,9,10,11,12,13,14,15,16,17,18,19,20,21,22];
objlines{3} 	= 	[22,23];
objlines{4} 	= 	[23,24,25,26,27,28,29,30,31];
objlines{5} 	= 	[31,32,33,34,35,36,37,38,39,40,41];
objlines{6} 	= 	[41,42];
objlines{7} 	= 	[42,43,44,45,46,47,48,49,50,51,52,53,54,55,56,57,58,59,60,61,62];
objlines{8} 	= 	[62,63];
objlines{9} 	= 	[63,64,65,66,67,68,69,70,71,72,73,74,75,76,77,78,79,80,81,82,83,84,85,86,87,88];
objlines{10} 	= 	[88,89,90,91,92,93,94,95,96,97,98,99,100,1];
objlines{11} 	= 	[23,101];
objlines{12} 	= 	[101,102];
objlines{13} 	= 	[102,41];

objsurfs = cell(2,1) ;
objsurfs{1} 	 = 	[	1,2,3,4,5,6,7,8,9,10;
						1,1,1,1,1,1,1,1,1,1]';
objsurfs{2} 	 = 	[	11,12,13,5,4;
						1,1,1,-1,-1]';

objregions = cell(2,1) ;
objregions{1} 	 = 	[1];
objregions{2} 	 = 	[2];

regioncolors=[2,3];

%%			 regioncolors - layers
%color	layer_name
% 2		4Hmat0
% 3		4Hmat1
end
