% Auto Generated
function[objnodes, objlines, objsurfs, objregions, regioncolors,ishardPt] = Drawing2_input()

objnodes = [
	 1757.98726		,			 1241.48109;		%	pt1
	 1755.21958		,			 1297.80203;		%	pt2
	 1746.94355		,			 1353.57843;		%	pt3
	 1733.24122		,			 1408.26712;		%	pt4
	 1714.24406		,			 1461.34859;		%	pt5
	 1690.14298		,			 1512.29709;		%	pt6
	 1661.16513		,			 1560.63837;		%	pt7
	 1627.58955		,			 1605.90701;		%	pt8
	 1589.73938		,			 1647.66742;		%	pt9
	 1547.97896		,			 1685.51760;		%	pt10
	 1502.71033		,			 1719.09317;		%	pt11
	 1454.36904		,			 1748.07103;		%	pt12
	 1403.42055		,			 1772.17211;		%	pt13
	 1350.33907		,			 1791.16927;		%	pt14
	 1295.65039		,			 1804.87159;		%	pt15
	 1239.87398		,			 1813.14762;		%	pt16
	 1183.55304		,			 1815.91531;		%	pt17
	 1127.23210		,			 1813.14762;		%	pt18
	 1071.45569		,			 1804.87159;		%	pt19
	 1016.76700		,			 1791.16927;		%	pt20
	 963.68553		,			 1772.17211;		%	pt21
	 912.73704		,			 1748.07103;		%	pt22
	 864.39575		,			 1719.09317;		%	pt23
	 819.12711		,			 1685.51760;		%	pt24
	 777.36670		,			 1647.66742;		%	pt25
	 739.51652		,			 1605.90701;		%	pt26
	 705.94095		,			 1560.63837;		%	pt27
	 676.96309		,			 1512.29709;		%	pt28
	 652.86202		,			 1461.34859;		%	pt29
	 633.86486		,			 1408.26712;		%	pt30
	 620.16253		,			 1353.57843;		%	pt31
	 611.88650		,			 1297.80203;		%	pt32
	 609.11881		,			 1241.48109;		%	pt33
	 611.88650		,			 1185.16014;		%	pt34
	 620.16253		,			 1129.38374;		%	pt35
	 633.86486		,			 1074.69505;		%	pt36
	 652.86202		,			 1021.61358;		%	pt37
	 676.96309		,			 970.66508;		%	pt38
	 705.94095		,			 922.32380;		%	pt39
	 739.51652		,			 877.05516;		%	pt40
	 777.36670		,			 835.29475;		%	pt41
	 819.12711		,			 797.44457;		%	pt42
	 864.39575		,			 763.86900;		%	pt43
	 912.73704		,			 734.89114;		%	pt44
	 963.68553		,			 710.79006;		%	pt45
	 1016.76700		,			 691.79290;		%	pt46
	 1071.45569		,			 678.09058;		%	pt47
	 1127.23210		,			 669.81455;		%	pt48
	 1183.55304		,			 667.04686;		%	pt49
	 1239.87398		,			 669.81455;		%	pt50
	 1295.65039		,			 678.09058;		%	pt51
	 1350.33907		,			 691.79290;		%	pt52
	 1403.42055		,			 710.79006;		%	pt53
	 1454.36904		,			 734.89114;		%	pt54
	 1502.71033		,			 763.86900;		%	pt55
	 1547.97896		,			 797.44457;		%	pt56
	 1589.73938		,			 835.29475;		%	pt57
	 1627.58955		,			 877.05516;		%	pt58
	 1661.16513		,			 922.32380;		%	pt59
	 1690.14298		,			 970.66508;		%	pt60
	 1714.24406		,			 1021.61358;		%	pt61
	 1733.24122		,			 1074.69505;		%	pt62
	 1746.94355		,			 1129.38374;		%	pt63
	 1755.21958		,			 1185.16014;		%	pt64
	 1346.44676		,			 2247.67347;		%	pt65
	 134.97647		,			 2247.67347;		%	pt66
	 134.97647		,			 1287.10545;		%	pt67
	 610.93353		,			 1287.10545;		%	pt68
	 619.53063		,			 1350.35440;		%	pt69
	 635.09186		,			 1412.25875;		%	pt70
	 657.42487		,			 1472.05391;		%	pt71
	 686.25402		,			 1529.00216;		%	pt72
	 721.22337		,			 1582.40037;		%	pt73
	 761.90114		,			 1631.58922;		%	pt74
	 807.78554		,			 1675.96177;		%	pt75
	 858.30991		,			 1714.96982;		%	pt76
	 912.85020		,			 1748.13151;		%	pt77
	 970.73268		,			 1775.03724;		%	pt78
	 1031.24235		,			 1795.35484;		%	pt79
	 1093.63260		,			 1808.83370;		%	pt80
	 1157.13311		,			 1815.30742;		%	pt81
	 1220.95983		,			 1814.69606;		%	pt82
	 1284.32528		,			 1807.00707;		%	pt83
	 1346.44676		,			 1792.33526;		%	pt84
]; % 84pts in total

ishardPt = [0 0 0 0 0 0 0 0 0 0 0 0 0 0 0 0 0 0 0 0 0 0 0 0 0 0 0 0 0 0 0 0 0 0 0 0 0 0 0 0 0 0 0 0 0 0 0 0 0 0 0 0 0 0 0 0 0 0 0 0 0 0 0 0 1 1 1 1 0 0 0 0 0 0 0 0 0 0 0 0 0 0 0 1 ];
ishardPt = ishardPt==1;
objlines = cell(10,1) ;
objlines{1} 	= 	[1,2,3,4,5,6,7,8,9,10,11,12,13,14,15,16,17];
objlines{2} 	= 	[17,18,19,20,21,22,23,24,25,26,27,28,29,30,31,32,33];
objlines{3} 	= 	[33,34,35,36,37,38,39,40,41,42,43,44,45,46,47,48,49];
objlines{4} 	= 	[49,50,51,52,53,54,55,56,57,58,59,60,61,62,63,64,1];
objlines{5} 	= 	[65,66];
objlines{6} 	= 	[66,67];
objlines{7} 	= 	[67,68];
objlines{8} 	= 	[68,69,70,71,72,73,74,75,76];
objlines{9} 	= 	[76,77,78,79,80,81,82,83,84];
objlines{10} 	= 	[84,65];

objsurfs = cell(2,1) ;
objsurfs{1} 	 = 	[	1,2,3,4;
						1,1,1,1]';
objsurfs{2} 	 = 	[	5,6,7,8,9,10;
						1,1,1,1,1,1]';

objregions = cell(2,1) ;
objregions{1} 	 = 	[1];
objregions{2} 	 = 	[2];

regioncolors=[2,3];

%%			 regioncolors - layers
%color	layer_name
% 2		4Hmat0
% 3		4Hmat1
end
