% Auto Generated
function[objnodes, objlines, objsurfs, objregions, regioncolors,ishardPt] = general_test_input()

objnodes = [
	-224.93933		,			 73.50096;		%	pt1
	-222.68948		,			 67.36053;		%	pt2
	-221.10914		,			 61.40285;		%	pt3
	-220.13716		,			 55.56757;		%	pt4
	-219.73600		,			 49.79242;		%	pt5
	-219.89137		,			 44.01912;		%	pt6
	-220.61125		,			 38.18506;		%	pt7
	-221.92733		,			 32.22564;		%	pt8
	-223.89539		,			 26.07682;		%	pt9
	-226.69437		,			 19.46739;		%	pt10
	-230.40318		,			 12.49556;		%	pt11
	-235.19544		,			 5.06398;		%	pt12
	-241.30400		,			-2.94324;		%	pt13
	-258.89500		,			-21.35510;		%	pt14
	-287.35538		,			-44.48064;		%	pt15
	-430.31448		,			-129.08397;		%	pt16
	-418.20051		,			-169.50430;		%	pt17
	-399.87297		,			-207.51288;		%	pt18
	-375.78913		,			-242.16140;		%	pt19
	-346.54988		,			-272.58537;		%	pt20
	-312.88476		,			-298.02570;		%	pt21
	-275.63371		,			-317.84766;		%	pt22
	-235.72614		,			-331.55669;		%	pt23
	-194.15777		,			-338.81075;		%	pt24
	-151.96572		,			-339.42884;		%	pt25
	-110.20269		,			-333.39554;		%	pt26
	-69.91068		,			-320.86139;		%	pt27
	-32.09497		,			-302.13912;		%	pt28
	 2.30092		,			-277.69584;		%	pt29
	 32.41881		,			-248.14142;		%	pt30
	 57.50726		,			-214.21325;		%	pt31
	 76.94031		,			-176.75784;		%	pt32
	 90.23310		,			-136.70971;		%	pt33
	 97.05397		,			-95.06806;		%	pt34
	 97.23275		,			-52.87186;		%	pt35
	 90.76497		,			-11.17392;		%	pt36
	 77.81199		,			 28.98541;		%	pt37
	 58.69702		,			 66.60414;		%	pt38
	 33.89695		,			 100.74368;		%	pt39
	 4.03056		,			 130.55223;		%	pt40
	-30.15698		,			 155.28608;		%	pt41
	-67.81268		,			 174.32811;		%	pt42
	-107.99704		,			 187.20322;		%	pt43
	-149.70745		,			 193.59017;		%	pt44
	-191.90322		,			 193.32961;		%	pt45
	-233.53157		,			 186.42804;		%	pt46
	-231.87770		,			 133.26315;		%	pt47
	 40.07795		,			 561.45661;		%	pt48
	 40.07795		,			 606.20951;		%	pt49
	-235.45442		,			 606.20951;		%	pt50
	-235.45442		,			 380.74822;		%	pt51
	-188.03436		,			 378.70494;		%	pt52
	-171.01027		,			 407.18308;		%	pt53
	-151.32627		,			 433.82967;		%	pt54
	-128.78933		,			 458.84491;		%	pt55
	-103.12562		,			 482.35112;		%	pt56
	-73.87009		,			 504.47298;		%	pt57
	-40.63648		,			 525.11523;		%	pt58
	-2.86385		,			 544.17787;		%	pt59
	-219.86602		,			 295.66780;		%	pt60
	-206.05263		,			 339.25110;		%	pt61
	-235.45442		,			 295.66780;		%	pt62
	-229.52342		,			 244.47912;		%	pt63
	-285.50427		,			 374.90324;		%	pt64
	-333.92699		,			 360.96076;		%	pt65
	-379.42163		,			 339.29537;		%	pt66
	-420.76594		,			 310.48912;		%	pt67
	-456.84916		,			 275.31592;		%	pt68
	-486.70186		,			 234.72076;		%	pt69
	-509.52204		,			 189.79424;		%	pt70
	-524.69660		,			 141.74339;		%	pt71
	-531.81785		,			 91.85912;		%	pt72
	-530.69448		,			 41.48165;		%	pt73
	-521.35667		,			-8.03559;		%	pt74
	-504.05529		,			-55.36227;		%	pt75
	-479.25515		,			-99.22689;		%	pt76
	-447.62255		,			-138.45100;		%	pt77
	-592.62259		,			-226.43450;		%	pt78
	-628.75777		,			-256.19887;		%	pt79
	-658.72946		,			-286.33906;		%	pt80
	-682.67816		,			-316.06476;		%	pt81
	-700.82788		,			-344.53601;		%	pt82
	-713.58945		,			-370.98947;		%	pt83
	-721.59115		,			-394.92320;		%	pt84
	-725.54826		,			-415.99353;		%	pt85
	-726.22936		,			-434.23218;		%	pt86
	-724.86072		,			-446.94107;		%	pt87
	-722.09114		,			-458.08066;		%	pt88
	-718.13222		,			-467.79974;		%	pt89
	-713.10377		,			-476.27831;		%	pt90
	-707.09393		,			-483.60519;		%	pt91
	-700.05009		,			-489.92593;		%	pt92
	-691.87920		,			-495.27884;		%	pt93
	-682.43188		,			-499.63555;		%	pt94
	-676.07091		,			-501.73908;		%	pt95
	-668.73743		,			-503.53823;		%	pt96
	-650.07436		,			-505.97126;		%	pt97
	-622.70301		,			-506.05441;		%	pt98
	-575.61743		,			-501.35093;		%	pt99
	-431.03603		,			-480.55538;		%	pt100
	-342.68680		,			-477.62105;		%	pt101
	-310.24579		,			-480.66336;		%	pt102
	-281.90308		,			-485.88093;		%	pt103
	-257.13048		,			-492.75319;		%	pt104
	-229.76840		,			-502.75360;		%	pt105
	-153.02320		,			-540.94010;		%	pt106
	-63.50565		,			-592.44226;		%	pt107
	 21.77228		,			-635.74368;		%	pt108
	 91.06788		,			-662.64265;		%	pt109
	 159.32096		,			-681.27159;		%	pt110
	 230.45722		,			-692.88790;		%	pt111
	 307.32363		,			-697.74300;		%	pt112
	 459.39653		,			-690.69149;		%	pt113
	 642.44447		,			-660.58060;		%	pt114
	 829.43351		,			-608.34009;		%	pt115
	 990.97538		,			-543.11895;		%	pt116
	 1105.15156		,			-480.72295;		%	pt117
	 1159.39328		,			-443.61654;		%	pt118
	 1206.42927		,			-405.75093;		%	pt119
	 1268.45607		,			-343.92894;		%	pt120
	 1315.41046		,			-281.88799;		%	pt121
	 1349.19077		,			-220.19966;		%	pt122
	 1361.67839		,			-189.47901;		%	pt123
	 1371.44066		,			-158.81620;		%	pt124
	 1378.54843		,			-128.41008;		%	pt125
	 1383.16668		,			-97.98135;		%	pt126
	 1385.34215		,			-67.47736;		%	pt127
	 1385.08738		,			-36.83720;		%	pt128
	 1382.37835		,			-5.98956;		%	pt129
	 1377.15598		,			 25.12048;		%	pt130
	 1358.75098		,			 88.37427;		%	pt131
	 1335.84086		,			 139.92602;		%	pt132
	 1304.76737		,			 192.57618;		%	pt133
	 1264.81795		,			 245.83950;		%	pt134
	 1215.36664		,			 298.99951;		%	pt135
	 1155.74524		,			 351.31133;		%	pt136
	 1085.56877		,			 401.73506;		%	pt137
	 1004.48696		,			 449.23668;		%	pt138
	 912.25185		,			 492.72884;		%	pt139
	 912.25185		,			 266.68391;		%	pt140
	 707.15633		,			 266.68391;		%	pt141
	 707.15633		,			 559.96233;		%	pt142
	 636.66362		,			 575.63152;		%	pt143
	 526.92086		,			 593.64927;		%	pt144
	 369.94066		,			 605.90502;		%	pt145
	 235.23048		,			 601.83361;		%	pt146
	 127.22279		,			 585.86548;		%	pt147
	-63.50565		,			-772.59568;		%	pt148
	 307.32363		,			-772.59568;		%	pt149
	 990.97538		,			-640.09789;		%	pt150
	 1206.42927		,			-640.09789;		%	pt151
	 767.23480		,			 543.84208;		%	pt152
	 767.23480		,			 668.31785;		%	pt153
	 526.92086		,			 668.31785;		%	pt154
]; % 154pts in total

ishardPt = [0 0 0 0 0 0 0 0 0 0 0 0 0 0 0 1 0 0 0 0 0 0 0 0 0 0 0 0 0 0 0 0 0 0 0 0 0 0 0 0 0 0 0 0 0 1 0 1 1 1 1 1 0 0 0 0 0 0 0 1 0 1 0 0 0 0 0 0 0 0 0 0 0 0 0 0 1 0 0 0 0 0 0 0 0 0 0 0 0 0 0 0 0 0 0 0 0 0 0 0 0 0 0 0 0 0 1 0 0 0 0 1 0 0 0 1 0 0 1 0 0 0 0 0 0 0 0 0 0 0 0 0 0 0 0 0 0 0 1 1 1 1 0 1 0 0 0 1 1 1 1 1 1 1 ];
ishardPt = ishardPt==1;
objlines = cell(42,1) ;
objlines{1} 	= 	[1,2,3,4,5,6,7,8,9,10,11,12,13,14,15,16];
objlines{2} 	= 	[16,17,18,19,20,21,22,23,24,25,26,27,28,29,30,31,32,33,34,35,36,37,38,39,40,41,42,43,44,45,46];
objlines{3} 	= 	[46,47,1];
objlines{4} 	= 	[48,49];
objlines{5} 	= 	[49,50];
objlines{6} 	= 	[50,51];
objlines{7} 	= 	[52,51];
objlines{8} 	= 	[52,53,54,55,56,57,58,59,48];
objlines{9} 	= 	[60,61,52];
objlines{10} 	= 	[51,62];
objlines{11} 	= 	[62,60];
objlines{12} 	= 	[46,63,60];
objlines{13} 	= 	[51,64,65,66,67,68,69,70,71,72,73,74,75,76,77];
objlines{14} 	= 	[77,16];
objlines{15} 	= 	[77,78];
objlines{16} 	= 	[78,79,80,81,82,83,84,85,86,87,88,89,90,91,92,93,94];
objlines{17} 	= 	[94,95,96,97,98,99,100,101,102,103];
objlines{18} 	= 	[103,104,105,106,107];
objlines{19} 	= 	[107,108,109,110,111];
objlines{20} 	= 	[111,112];
objlines{21} 	= 	[112,113,114,115,116];
objlines{22} 	= 	[116,117];
objlines{23} 	= 	[117,118,119];
objlines{24} 	= 	[119,120,121,122,123,124,125,126,127,128,129,130,131];
objlines{25} 	= 	[131,132,133,134,135,136,137,138,139];
objlines{26} 	= 	[140,139];
objlines{27} 	= 	[141,140];
objlines{28} 	= 	[142,141];
objlines{29} 	= 	[142,143];
objlines{30} 	= 	[143,144];
objlines{31} 	= 	[144,145,146,147,48];
objlines{32} 	= 	[107,148];
objlines{33} 	= 	[148,149];
objlines{34} 	= 	[149,112];
objlines{35} 	= 	[116,150];
objlines{36} 	= 	[150,151];
objlines{37} 	= 	[151,119];
objlines{38} 	= 	[139,152];
objlines{39} 	= 	[152,142];
objlines{40} 	= 	[152,153];
objlines{41} 	= 	[153,154];
objlines{42} 	= 	[154,144];

objsurfs = cell(9,1) ;
objsurfs{1} 	 = 	[	1,2,3;
						1,1,1]';
objsurfs{2} 	 = 	[	4,5,6,7,8;
						1,1,1,-1,1]';
objsurfs{3} 	 = 	[	9,7,10,11;
						1,1,1,1]';
objsurfs{4} 	 = 	[	3,12,11,10,13,14,1;
						-1,1,-1,-1,1,1,-1]';
