% Auto Generated
function[objnodes, objlines, objsurfs, objregions, regioncolors,ishardPt] = Plate_Hole_input()

objnodes = [
	 1.55000		,			 11.90000;		%	pt1
	 1.59468		,			 11.34658;		%	pt2
	 1.72755		,			 10.80750;		%	pt3
	 1.94518		,			 10.29671;		%	pt4
	 2.24192		,			 9.82744;		%	pt5
	 2.61010		,			 9.41185;		%	pt6
	 3.04018		,			 9.06071;		%	pt7
	 3.52101		,			 8.78310;		%	pt8
	 4.04015		,			 8.58621;		%	pt9
	 4.58415		,			 8.47515;		%	pt10
	 5.13892		,			 8.45280;		%	pt11
	 5.69009		,			 8.51972;		%	pt12
	 6.22339		,			 8.67419;		%	pt13
	 6.72500		,			 8.91221;		%	pt14
	 7.18194		,			 9.22761;		%	pt15
	 7.58236		,			 9.61223;		%	pt16
	 7.91591		,			 10.05609;		%	pt17
	 8.17393		,			 10.54772;		%	pt18
	 8.34975		,			 11.07436;		%	pt19
	 8.43881		,			 11.62239;		%	pt20
	 8.43881		,			 12.17761;		%	pt21
	 8.34975		,			 12.72564;		%	pt22
	 8.17393		,			 13.25228;		%	pt23
	 7.91591		,			 13.74391;		%	pt24
	 7.58236		,			 14.18777;		%	pt25
	 7.18194		,			 14.57239;		%	pt26
	 6.72500		,			 14.88779;		%	pt27
	 6.22339		,			 15.12581;		%	pt28
	 5.69009		,			 15.28028;		%	pt29
	 5.13892		,			 15.34720;		%	pt30
	 4.58415		,			 15.32485;		%	pt31
	 4.04015		,			 15.21379;		%	pt32
	 3.52101		,			 15.01690;		%	pt33
	 3.04018		,			 14.73929;		%	pt34
	 2.61010		,			 14.38815;		%	pt35
	 2.24192		,			 13.97256;		%	pt36
	 1.94518		,			 13.50329;		%	pt37
	 1.72755		,			 12.99250;		%	pt38
	 1.59468		,			 12.45342;		%	pt39
	 15.00000		,			 20.00000;		%	pt40
	 0.00000		,			 20.00000;		%	pt41
	 0.00000		,			 0.00000;		%	pt42
	 15.00000		,			 0.00000;		%	pt43
]; % 43pts in total

ishardPt = [0 0 0 0 0 0 0 0 0 0 0 0 0 0 0 0 0 0 0 0 0 0 0 0 0 0 0 0 0 0 0 0 0 0 0 0 0 0 0 1 1 1 1 ];
ishardPt = ishardPt==1;
objlines = cell(5,1) ;
objlines{1} 	= 	[1,2,3,4,5,6,7,8,9,10,11,12,13,14,15,16,17,18,19,20,21,22,23,24,25,26,27,28,29,30,31,32,33,34,35,36,37,38,39,1];
objlines{2} 	= 	[40,41];
objlines{3} 	= 	[41,42];
objlines{4} 	= 	[42,43];
objlines{5} 	= 	[43,40];

objsurfs = cell(2,1) ;
objsurfs{1} 	 = 	[	1;
						-1]';
objsurfs{2} 	 = 	[	2,3,4,5;
						1,1,1,1]';

objregions = cell(2,1) ;
objregions{1} 	 = 	[1];
objregions{2} 	 = 	[2];

regioncolors=[1,1];

%%			 regioncolors - layers
%color	layer_name
% 1		1H0
end
