% Auto Generated
function[objnodes, objlines, objsurfs, objregions, regioncolors,ishardPt] = buildings_input()

objnodes = [
	-292.28902		,			-25.42380;		%	pt1
	-292.40623		,			-23.93449;		%	pt2
	-292.75498		,			-22.48184;		%	pt3
	-293.32668		,			-21.10164;		%	pt4
	-294.10725		,			-19.82786;		%	pt5
	-295.07748		,			-18.69188;		%	pt6
	-296.21346		,			-17.72165;		%	pt7
	-297.48724		,			-16.94108;		%	pt8
	-298.86744		,			-16.36938;		%	pt9
	-300.32009		,			-16.02063;		%	pt10
	-301.80940		,			-15.90342;		%	pt11
	-303.29872		,			-16.02063;		%	pt12
	-304.75136		,			-16.36938;		%	pt13
	-306.13157		,			-16.94108;		%	pt14
	-307.40534		,			-17.72165;		%	pt15
	-308.54133		,			-18.69188;		%	pt16
	-309.51155		,			-19.82786;		%	pt17
	-310.29213		,			-21.10164;		%	pt18
	-310.86383		,			-22.48184;		%	pt19
	-311.21257		,			-23.93449;		%	pt20
	-311.32979		,			-25.42380;		%	pt21
	-311.32979		,			-43.54480;		%	pt22
	-292.28902		,			-43.54480;		%	pt23
	 158.75545		,			-53.03460;		%	pt24
	 158.63823		,			-51.54528;		%	pt25
	 158.28949		,			-50.09264;		%	pt26
	 157.71779		,			-48.71243;		%	pt27
	 156.93721		,			-47.43866;		%	pt28
	 155.96699		,			-46.30267;		%	pt29
	 154.83100		,			-45.33245;		%	pt30
	 153.55723		,			-44.55188;		%	pt31
	 152.17702		,			-43.98018;		%	pt32
	 150.72438		,			-43.63143;		%	pt33
	 149.23506		,			-43.51422;		%	pt34
	 147.74575		,			-43.63143;		%	pt35
	 146.29311		,			-43.98018;		%	pt36
	 144.91290		,			-44.55188;		%	pt37
	 143.63913		,			-45.33245;		%	pt38
	 142.50314		,			-46.30267;		%	pt39
	 141.53291		,			-47.43866;		%	pt40
	 140.75234		,			-48.71243;		%	pt41
	 140.18064		,			-50.09264;		%	pt42
	 139.83190		,			-51.54528;		%	pt43
	 139.71468		,			-53.03460;		%	pt44
	 139.71468		,			-71.15560;		%	pt45
	 158.75545		,			-71.15560;		%	pt46
	-55.20253		,			 95.58726;		%	pt47
	-111.21111		,			 95.58726;		%	pt48
	-111.21111		,			 0.00000;		%	pt49
	-101.87635		,			 0.00000;		%	pt50
	-101.87635		,			 23.44698;		%	pt51
	-63.70753		,			 23.44698;		%	pt52
	-63.70753		,			 0.00000;		%	pt53
	-55.20253		,			 0.00000;		%	pt54
	-63.70753		,			 85.26247;		%	pt55
	-101.87635		,			 85.26247;		%	pt56
	-101.87635		,			 65.10242;		%	pt57
	-63.70753		,			 65.10242;		%	pt58
	-63.70753		,			 52.85327;		%	pt59
	-101.87635		,			 52.85327;		%	pt60
	-101.87635		,			 31.41726;		%	pt61
	-63.70753		,			 31.41726;		%	pt62
	-191.54572		,			 139.36892;		%	pt63
	-188.30935		,			 140.30010;		%	pt64
	-185.26119		,			 141.73187;		%	pt65
	-182.47811		,			 143.62810;		%	pt66
	-180.03029		,			 145.94098;		%	pt67
	-177.97947		,			 148.61220;		%	pt68
	-176.37736		,			 151.57437;		%	pt69
	-175.26436		,			 154.75281;		%	pt70
	-174.66854		,			 158.06736;		%	pt71
	-174.60493		,			 161.43443;		%	pt72
	-175.07513		,			 164.76912;		%	pt73
	-176.06728		,			 167.98733;		%	pt74
	-177.55637		,			 171.00790;		%	pt75
	-179.50483		,			 173.75467;		%	pt76
	-181.86354		,			 176.15836;		%	pt77
	-184.57301		,			 178.15836;		%	pt78
	-187.56492		,			 179.70423;		%	pt79
	-190.76381		,			 180.75699;		%	pt80
	-194.08902		,			 181.29010;		%	pt81
	-197.45670		,			 181.29010;		%	pt82
	-200.78191		,			 180.75699;		%	pt83
	-203.98081		,			 179.70423;		%	pt84
	-206.97271		,			 178.15836;		%	pt85
	-209.68219		,			 176.15836;		%	pt86
	-212.04090		,			 173.75467;		%	pt87
	-213.98936		,			 171.00790;		%	pt88
	-215.47844		,			 167.98733;		%	pt89
	-216.47059		,			 164.76912;		%	pt90
	-216.94079		,			 161.43443;		%	pt91
	-216.87718		,			 158.06736;		%	pt92
	-216.28136		,			 154.75281;		%	pt93
	-215.16836		,			 151.57437;		%	pt94
	-213.56625		,			 148.61220;		%	pt95
	-211.51543		,			 145.94098;		%	pt96
	-209.06762		,			 143.62810;		%	pt97
	-206.28454		,			 141.73187;		%	pt98
	-203.23638		,			 140.30010;		%	pt99
	-200.00000		,			 139.36892;		%	pt100
	-218.46831		,			 0.00000;		%	pt101
	-178.72079		,			 0.00000;		%	pt102
	-31.48438		,			 13.72915;		%	pt103
	-31.48438		,			 0.00000;		%	pt104
	-21.57498		,			 0.00000;		%	pt105
	-21.57498		,			 13.68883;		%	pt106
	 8.19403		,			 13.68883;		%	pt107
	 8.19403		,			 0.00000;		%	pt108
	 16.51867		,			 0.00000;		%	pt109
	 16.51867		,			 13.72915;		%	pt110
	 12.55041		,			 17.36930;		%	pt111
	 8.03827		,			 20.30841;		%	pt112
	 3.10475		,			 22.46669;		%	pt113
	-2.11620		,			 23.78555;		%	pt114
	-7.48286		,			 24.22919;		%	pt115
	-12.84951		,			 23.78555;		%	pt116
	-18.07046		,			 22.46669;		%	pt117
	-23.00398		,			 20.30841;		%	pt118
	-27.51612		,			 17.36930;		%	pt119
	-61.22478		,			-104.07896;		%	pt120
	-33.04268		,			-138.84238;		%	pt121
	-145.59980		,			 0.00000;		%	pt122
	-456.04405		,			 0.00000;		%	pt123
	-456.04405		,			-36.94688;		%	pt124
	-385.47171		,			-41.18955;		%	pt125
	-328.04790		,			-52.42473;		%	pt126
	-280.52734		,			-69.09280;		%	pt127
	-238.52015		,			-91.42979;		%	pt128
	-204.46955		,			-111.72775;		%	pt129
	-182.41118		,			-120.17816;		%	pt130
	-135.84123		,			-130.18861;		%	pt131
	 279.61307		,			-118.33212;		%	pt132
	 279.61307		,			 0.00000;		%	pt133
	 112.64139		,			 0.00000;		%	pt134
	 106.28887		,			-8.17384;		%	pt135
	 42.97545		,			-8.17384;		%	pt136
	 37.46994		,			 0.00000;		%	pt137
	-23.94608		,			-150.06330;		%	pt138
	 279.61307		,			-150.06330;		%	pt139
	-8.81960		,			-168.72225;		%	pt140
	 16.53674		,			-200.00000;		%	pt141
	 279.61307		,			-200.00000;		%	pt142
	-456.04405		,			-82.42827;		%	pt143
	-456.04405		,			-200.00000;		%	pt144
	-230.85580		,			-156.41449;		%	pt145
	-276.14572		,			-146.45140;		%	pt146
	-289.48870		,			-141.87528;		%	pt147
	-299.57778		,			-137.42361;		%	pt148
	-306.85244		,			-133.38250;		%	pt149
	-312.69229		,			-129.36243;		%	pt150
	-317.43296		,			-125.32296;		%	pt151
	-321.32673		,			-121.19799;		%	pt152
	-328.67098		,			-111.35991;		%	pt153
	-333.58438		,			-105.68541;		%	pt154
	-338.54673		,			-101.42685;		%	pt155
	-342.56469		,			-98.75928;		%	pt156
	-347.35644		,			-96.20138;		%	pt157
	-358.96855		,			-91.76169;		%	pt158
	-376.85495		,			-87.58406;		%	pt159
	-406.18353		,			-84.06871;		%	pt160
]; % 160pts in total

ishardPt = [0 0 0 0 0 0 0 0 0 0 0 0 0 0 0 0 0 0 0 0 0 1 1 0 0 0 0 0 0 0 0 0 0 0 0 0 0 0 0 0 0 0 0 0 1 1 1 1 1 1 1 1 1 1 1 1 1 1 1 1 1 1 1 0 0 0 0 0 0 0 0 0 0 0 0 0 0 0 0 0 0 0 0 0 0 0 0 0 0 0 0 0 0 0 0 0 0 0 0 1 1 1 1 1 1 1 1 1 1 1 0 0 0 0 0 0 0 0 0 1 1 1 1 1 0 0 0 0 0 0 0 1 1 1 1 1 1 1 1 1 1 1 1 1 0 0 0 0 0 0 0 0 0 0 0 0 0 0 0 0 ];
ishardPt = ishardPt==1;
objlines = cell(67,1) ;
objlines{1} 	= 	[1,2,3,4,5,6,7,8,9,10,11,12,13,14,15,16,17,18,19,20,21];
objlines{2} 	= 	[21,22];
objlines{3} 	= 	[22,23];
objlines{4} 	= 	[23,1];
objlines{5} 	= 	[24,25,26,27,28,29,30,31,32,33,34,35,36,37,38,39,40,41,42,43,44];
objlines{6} 	= 	[44,45];
objlines{7} 	= 	[45,46];
objlines{8} 	= 	[46,24];
objlines{9} 	= 	[47,48];
objlines{10} 	= 	[48,49];
objlines{11} 	= 	[50,49];
objlines{12} 	= 	[50,51];
objlines{13} 	= 	[51,52];
objlines{14} 	= 	[52,53];
objlines{15} 	= 	[54,53];
objlines{16} 	= 	[54,47];
objlines{17} 	= 	[55,56];
objlines{18} 	= 	[56,57];
objlines{19} 	= 	[57,58];
objlines{20} 	= 	[58,55];
objlines{21} 	= 	[59,60];
objlines{22} 	= 	[60,61];
objlines{23} 	= 	[61,62];
objlines{24} 	= 	[62,59];
objlines{25} 	= 	[63,64,65,66,67,68,69,70,71,72,73,74,75,76,77,78,79,80,81,82,83,84,85,86,87,88,89,90,91,92,93,94,95,96,97,98,99,100];
objlines{26} 	= 	[100,101];
objlines{27} 	= 	[102,101];
objlines{28} 	= 	[102,63];
objlines{29} 	= 	[103,104];
objlines{30} 	= 	[105,104];
objlines{31} 	= 	[105,106];
objlines{32} 	= 	[106,107];
objlines{33} 	= 	[107,108];
objlines{34} 	= 	[109,108];
objlines{35} 	= 	[109,110];
objlines{36} 	= 	[110,111,112,113,114,115,116,117,118,119,103];
objlines{37} 	= 	[120,121];
objlines{38} 	= 	[122,120];
objlines{39} 	= 	[122,102];
objlines{40} 	= 	[101,123];
objlines{41} 	= 	[123,124];
objlines{42} 	= 	[124,125,126,127,128];
objlines{43} 	= 	[128,129,130,131,121];
objlines{44} 	= 	[132,133];
objlines{45} 	= 	[133,134];
objlines{46} 	= 	[134,135];
objlines{47} 	= 	[135,136];
objlines{48} 	= 	[136,137];
objlines{49} 	= 	[137,109];
objlines{50} 	= 	[108,105];
objlines{51} 	= 	[104,54];
