% Auto Generated
function[objnodes, objlines, objsurfs, objregions, regioncolors,ishardPt] = buildings_input()

objnodes = [
	-292.28902		,			-25.42380;		%	pt1
	-292.41887		,			-23.85680;		%	pt2
	-292.80486		,			-22.33254;		%	pt3
	-293.43648		,			-20.89260;		%	pt4
	-294.29649		,			-19.57626;		%	pt5
	-295.36143		,			-18.41943;		%	pt6
	-296.60225		,			-17.45366;		%	pt7
	-297.98511		,			-16.70529;		%	pt8
	-299.47229		,			-16.19474;		%	pt9
	-301.02322		,			-15.93594;		%	pt10
	-302.59559		,			-15.93594;		%	pt11
	-304.14652		,			-16.19474;		%	pt12
	-305.63370		,			-16.70529;		%	pt13
	-307.01656		,			-17.45366;		%	pt14
	-308.25738		,			-18.41943;		%	pt15
	-309.32232		,			-19.57626;		%	pt16
	-310.18233		,			-20.89260;		%	pt17
	-310.81395		,			-22.33254;		%	pt18
	-311.19994		,			-23.85680;		%	pt19
	-311.32979		,			-25.42380;		%	pt20
	-311.32979		,			-43.54480;		%	pt21
	-292.28902		,			-43.54480;		%	pt22
	 158.75545		,			-53.03460;		%	pt23
	 158.62560		,			-51.46759;		%	pt24
	 158.23961		,			-49.94333;		%	pt25
	 157.60799		,			-48.50340;		%	pt26
	 156.74798		,			-47.18706;		%	pt27
	 155.68304		,			-46.03023;		%	pt28
	 154.44222		,			-45.06445;		%	pt29
	 153.05936		,			-44.31609;		%	pt30
	 151.57218		,			-43.80554;		%	pt31
	 150.02125		,			-43.54673;		%	pt32
	 148.44888		,			-43.54673;		%	pt33
	 146.89795		,			-43.80554;		%	pt34
	 145.41077		,			-44.31609;		%	pt35
	 144.02791		,			-45.06445;		%	pt36
	 142.78709		,			-46.03023;		%	pt37
	 141.72215		,			-47.18706;		%	pt38
	 140.86214		,			-48.50340;		%	pt39
	 140.23052		,			-49.94333;		%	pt40
	 139.84453		,			-51.46759;		%	pt41
	 139.71468		,			-53.03460;		%	pt42
	 139.71468		,			-71.15560;		%	pt43
	 158.75545		,			-71.15560;		%	pt44
	-55.20253		,			 95.58726;		%	pt45
	-111.21111		,			 95.58726;		%	pt46
	-111.21111		,			 0.00000;		%	pt47
	-101.87635		,			 0.00000;		%	pt48
	-101.87635		,			 23.44698;		%	pt49
	-63.70753		,			 23.44698;		%	pt50
	-63.70753		,			 0.00000;		%	pt51
	-55.20253		,			 0.00000;		%	pt52
	-63.70753		,			 85.26247;		%	pt53
	-101.87635		,			 85.26247;		%	pt54
	-101.87635		,			 65.10242;		%	pt55
	-63.70753		,			 65.10242;		%	pt56
	-63.70753		,			 52.85327;		%	pt57
	-101.87635		,			 52.85327;		%	pt58
	-101.87635		,			 31.41726;		%	pt59
	-63.70753		,			 31.41726;		%	pt60
	-191.54572		,			 139.36892;		%	pt61
	-188.22177		,			 140.33326;		%	pt62
	-185.09893		,			 141.82542;		%	pt63
	-182.26040		,			 143.80567;		%	pt64
	-179.78178		,			 146.22125;		%	pt65
	-177.72908		,			 149.00784;		%	pt66
	-176.15698		,			 152.09120;		%	pt67
	-175.10735		,			 155.38922;		%	pt68
	-174.60815		,			 158.81404;		%	pt69
	-174.67267		,			 162.27446;		%	pt70
	-175.29920		,			 165.67829;		%	pt71
	-176.47105		,			 168.93488;		%	pt72
	-178.15701		,			 171.95750;		%	pt73
	-180.31217		,			 174.66562;		%	pt74
	-182.87912		,			 176.98712;		%	pt75
	-185.78950		,			 178.86017;		%	pt76
	-188.96579		,			 180.23488;		%	pt77
	-192.32339		,			 181.07463;		%	pt78
	-195.77286		,			 181.35705;		%	pt79
	-199.22234		,			 181.07463;		%	pt80
	-202.57993		,			 180.23488;		%	pt81
	-205.75622		,			 178.86017;		%	pt82
	-208.66660		,			 176.98712;		%	pt83
	-211.23356		,			 174.66562;		%	pt84
	-213.38871		,			 171.95750;		%	pt85
	-215.07467		,			 168.93488;		%	pt86
	-216.24652		,			 165.67829;		%	pt87
	-216.87305		,			 162.27446;		%	pt88
	-216.93758		,			 158.81404;		%	pt89
	-216.43838		,			 155.38922;		%	pt90
	-215.38875		,			 152.09120;		%	pt91
	-213.81664		,			 149.00784;		%	pt92
	-211.76394		,			 146.22125;		%	pt93
	-209.28532		,			 143.80567;		%	pt94
	-206.44679		,			 141.82542;		%	pt95
	-203.32396		,			 140.33326;		%	pt96
	-200.00000		,			 139.36892;		%	pt97
	-218.46831		,			 0.00000;		%	pt98
	-178.72079		,			 0.00000;		%	pt99
	-31.48438		,			 13.72915;		%	pt100
	-31.48438		,			 0.00000;		%	pt101
	-21.57498		,			 0.00000;		%	pt102
	-21.57498		,			 13.68883;		%	pt103
	 8.19403		,			 13.68883;		%	pt104
	 8.19403		,			 0.00000;		%	pt105
	 16.51867		,			 0.00000;		%	pt106
	 16.51867		,			 13.72915;		%	pt107
	 12.07379		,			 17.73211;		%	pt108
	 6.97378		,			 20.85791;		%	pt109
	 1.38950		,			 23.00183;		%	pt110
	-4.49201		,			 24.09205;		%	pt111
	-10.47370		,			 24.09205;		%	pt112
	-16.35521		,			 23.00183;		%	pt113
	-21.93950		,			 20.85791;		%	pt114
	-27.03950		,			 17.73211;		%	pt115
	-61.22478		,			-104.07896;		%	pt116
	-33.04268		,			-138.84238;		%	pt117
	-145.59980		,			 0.00000;		%	pt118
	-456.04405		,			 0.00000;		%	pt119
	-456.04405		,			-36.94688;		%	pt120
	-385.47171		,			-41.18955;		%	pt121
	-328.04790		,			-52.42473;		%	pt122
	-280.52734		,			-69.09280;		%	pt123
	-238.52015		,			-91.42979;		%	pt124
	-205.38856		,			-111.29069;		%	pt125
	-186.21259		,			-118.96473;		%	pt126
	-147.78938		,			-128.25389;		%	pt127
	-71.79569		,			-136.73195;		%	pt128
	 279.61307		,			-118.33212;		%	pt129
	 279.61307		,			 0.00000;		%	pt130
	 112.64139		,			 0.00000;		%	pt131
	 106.28887		,			-8.17384;		%	pt132
	 42.97545		,			-8.17384;		%	pt133
	 37.46994		,			 0.00000;		%	pt134
	-23.94608		,			-150.06330;		%	pt135
	 279.61307		,			-150.06330;		%	pt136
	-8.81960		,			-168.72225;		%	pt137
	 16.53674		,			-200.00000;		%	pt138
	 279.61307		,			-200.00000;		%	pt139
	-456.04405		,			-82.42827;		%	pt140
	-456.04405		,			-200.00000;		%	pt141
	-230.85580		,			-156.41449;		%	pt142
	-276.14572		,			-146.45140;		%	pt143
	-289.48870		,			-141.87528;		%	pt144
	-299.57778		,			-137.42361;		%	pt145
	-306.85244		,			-133.38250;		%	pt146
	-312.69229		,			-129.36243;		%	pt147
	-317.43296		,			-125.32296;		%	pt148
	-321.32673		,			-121.19799;		%	pt149
	-328.72142		,			-111.29384;		%	pt150
	-333.67771		,			-105.59285;		%	pt151
	-338.71772		,			-101.30113;		%	pt152
	-341.92243		,			-99.14895;		%	pt153
	-345.60110		,			-97.07337;		%	pt154
	-355.35933		,			-92.94019;		%	pt155
	-369.68606		,			-88.99039;		%	pt156
	-391.90325		,			-85.42174;		%	pt157
	-427.50698		,			-82.90316;		%	pt158
]; % 158pts in total

ishardPt = [0 0 0 0 0 0 0 0 0 0 0 0 0 0 0 0 0 0 0 0 1 1 0 0 0 0 0 0 0 0 0 0 0 0 0 0 0 0 0 0 0 0 1 1 1 1 1 1 1 1 1 1 1 1 1 1 1 1 1 1 1 0 0 0 0 0 0 0 0 0 0 0 0 0 0 0 0 0 0 0 0 0 0 0 0 0 0 0 0 0 0 0 0 0 0 0 1 1 1 1 1 1 1 1 1 1 1 0 0 0 0 0 0 0 0 1 1 1 1 1 0 0 0 0 0 0 0 0 1 1 1 1 1 1 1 1 1 1 1 1 1 0 0 0 0 0 0 0 0 0 0 0 0 0 0 0 0 0 ];
ishardPt = ishardPt==1;
objlines = cell(67,1) ;
objlines{1} 	= 	[1,2,3,4,5,6,7,8,9,10,11,12,13,14,15,16,17,18,19,20];
objlines{2} 	= 	[20,21];
objlines{3} 	= 	[21,22];
objlines{4} 	= 	[22,1];
objlines{5} 	= 	[23,24,25,26,27,28,29,30,31,32,33,34,35,36,37,38,39,40,41,42];
objlines{6} 	= 	[42,43];
objlines{7} 	= 	[43,44];
objlines{8} 	= 	[44,23];
objlines{9} 	= 	[45,46];
objlines{10} 	= 	[46,47];
objlines{11} 	= 	[48,47];
objlines{12} 	= 	[48,49];
objlines{13} 	= 	[49,50];
objlines{14} 	= 	[50,51];
objlines{15} 	= 	[52,51];
objlines{16} 	= 	[52,45];
objlines{17} 	= 	[53,54];
objlines{18} 	= 	[54,55];
objlines{19} 	= 	[55,56];
objlines{20} 	= 	[56,53];
objlines{21} 	= 	[57,58];
objlines{22} 	= 	[58,59];
objlines{23} 	= 	[59,60];
objlines{24} 	= 	[60,57];
objlines{25} 	= 	[61,62,63,64,65,66,67,68,69,70,71,72,73,74,75,76,77,78,79,80,81,82,83,84,85,86,87,88,89,90,91,92,93,94,95,96,97];
objlines{26} 	= 	[97,98];
objlines{27} 	= 	[99,98];
objlines{28} 	= 	[99,61];
objlines{29} 	= 	[100,101];
objlines{30} 	= 	[102,101];
objlines{31} 	= 	[102,103];
objlines{32} 	= 	[103,104];
objlines{33} 	= 	[104,105];
objlines{34} 	= 	[106,105];
objlines{35} 	= 	[106,107];
objlines{36} 	= 	[107,108,109,110,111,112,113,114,115,100];
objlines{37} 	= 	[116,117];
objlines{38} 	= 	[118,116];
objlines{39} 	= 	[118,99];
objlines{40} 	= 	[98,119];
objlines{41} 	= 	[119,120];
objlines{42} 	= 	[120,121,122,123,124];
objlines{43} 	= 	[124,125,126,127,128,117];
objlines{44} 	= 	[129,130];
objlines{45} 	= 	[130,131];
objlines{46} 	= 	[131,132];
objlines{47} 	= 	[132,133];
objlines{48} 	= 	[133,134];
objlines{49} 	= 	[134,106];
objlines{50} 	= 	[105,102];
objlines{51} 	= 	[101,52];
objlines{52} 	= 	[51,48];
objlines{53} 	= 	[47,118];
objlines{54} 	= 	[116,129];
